# NaN NaN NaN ;Mean Elev.(m), Avg Gradient(m/km), RMS Gradient(m/km) - SRTM1     
#    0.766   0.199   3.471 ;Mean Elev.(m), Avg Gradient(m/km), RMS Gradient(m/km) - ASTER GDEM
#    8.179  -0.054   2.405 ;Mean Elev.(m), Avg Gradient(m/km), RMS Gradient(m/km) - GMTED2010 
  8    12.943 52497.61928160 24.33 105.272734  11.928161 31.590
  8    12.695 52497.61928225 19.37 105.271984  11.931461 31.590
  8    12.772 52497.61928289 21.03 105.271234  11.934771 31.590
  8    12.851 52497.61928354 22.09 105.270484  11.938071 31.590
  8    12.994 52497.61928418 27.60 105.269734  11.941371 31.590
 10    11.034 52567.61929307 42.22 105.272693  11.928031 24.008
 10    10.950 52567.61929371 48.98 105.271943  11.931331 24.008
 10    11.019 52567.61929436 45.95 105.271193  11.934631 24.008
 10    11.071 52567.61929500 45.94 105.270453  11.937941 24.008
 10    10.973 52567.61929565 45.59 105.269703  11.941241 24.008
 11     7.726 52602.61929402 36.97 105.266328  11.929223 36.608
 11     7.785 52602.61929466 39.18 105.265578  11.932533 36.608
 11     7.795 52602.61929530 39.85 105.264828  11.935833 36.608
 11     7.739 52602.61929595 49.11 105.264088  11.939133 36.608
 11     7.652 52602.61929659 50.19 105.263338  11.942443 36.608
 12    10.391 52637.61926459 19.99 105.266204  11.928540 30.890
 12     5.602 52637.61926523 23.99 105.265454  11.931840 30.890
 12     5.477 52637.61926588 26.04 105.264704  11.935150 30.890
 12     5.441 52637.61926652 41.16 105.263954  11.938450 30.890
 12     5.457 52637.61926717 49.09 105.263204  11.941750 30.890
 13     4.190 52672.61926659 23.83 105.268662  11.929940 23.809
 13     4.212 52672.61926723 26.37 105.267912  11.933240 23.809
 13     4.144 52672.61926788 26.35 105.267162  11.936540 23.809
 13     4.320 52672.61926852 30.25 105.266412  11.939850 23.809
 14     7.547 52707.61927144 18.40 105.269109  11.929614 28.748
 14     3.328 52707.61927209 22.78 105.268359  11.932914 28.748
 14     3.357 52707.61927273 24.04 105.267619  11.936224 28.748
 14     3.533 52707.61927338 23.33 105.266869  11.939524 28.748
 14    11.848 52707.61927402 19.05 105.266119  11.942834 28.748
 15     3.013 52742.61930206 22.72 105.265412  11.928652 28.148
 15     2.761 52742.61930270 24.59 105.264662  11.931962 28.148
 15     2.772 52742.61930335 23.11 105.263922  11.935262 28.148
 15     2.945 52742.61930399 21.69 105.263172  11.938562 28.148
 15     3.249 52742.61930464 19.73 105.262422  11.941872 28.148
 17    10.644 52812.61932259 23.17 105.265487  11.927831 19.320
 17     6.236 52812.61932324 22.94 105.264737  11.931131 19.320
 17     6.421 52812.61932388 23.42 105.263987  11.934441 19.320
 17     5.590 52812.61932453 23.78 105.263237  11.937741 19.320
 17     5.816 52812.61932517 23.35 105.262497  11.941041 19.320
 18     9.836 52847.61937678 24.93 105.267931  11.927942 23.574
 18     8.912 52847.61937742 22.16 105.267191  11.931242 23.574
 18     8.798 52847.61937807 30.49 105.266441  11.934552 23.574
 18     8.778 52847.61937871 25.48 105.265691  11.937852 23.574
 18     8.580 52847.61937936 21.77 105.264941  11.941152 23.574
 19    11.519 52882.61941310 21.61 105.266819  11.927995 23.458
 19    11.623 52882.61941375 20.07 105.266069  11.931305 23.458
 19    11.719 52882.61941439 19.89 105.265319  11.934605 23.458
 19    11.625 52882.61941504 20.44 105.264569  11.937915 23.458
 19    11.508 52882.61941568 22.41 105.263829  11.941215 23.458
 20    12.032 52917.61936993 25.54 105.272119  11.928865 23.907
 20    11.461 52917.61937057 22.49 105.271379  11.932165 23.907
 20    11.201 52917.61937122 21.43 105.270629  11.935465 23.907
 20    12.244 52917.61937186 20.40 105.269879  11.938775 23.907
 20    12.306 52917.61937251 24.19 105.269129  11.942075 23.907
 21    10.086 52952.61933137 23.38 105.273624  11.927692 21.181
 21     6.780 52952.61933202 34.47 105.272874  11.931002 21.181
 21     6.742 52952.61933266 35.32 105.272124  11.934302 21.181
 21     6.844 52952.61933331 36.40 105.271374  11.937602 21.181
 21     6.816 52952.61933395 49.06 105.270624  11.940912 21.181
 22     9.817 52987.61934462 15.51 105.277484  11.930097 15.407
 22    10.546 52987.61934527 20.61 105.276734  11.933397 15.407
 22    10.997 52987.61934591 21.82 105.275984  11.936707 15.407
 22    11.437 52987.61934656 21.32 105.275234  11.940007 15.407
 23     3.563 53022.61933291 31.03 105.275222  11.929471 20.159
 23     3.519 53022.61933356 30.84 105.274472  11.932781 20.159
 23     3.455 53022.61933420 31.63 105.273722  11.936081 20.159
 23     3.697 53022.61933485 21.22 105.272982  11.939381 20.159
 24     2.839 53057.61932603 26.29 105.275831  11.930538 22.669
 24     3.044 53057.61932668 29.19 105.275081  11.933838 22.669
 24     2.945 53057.61932732 26.53 105.274331  11.937138 22.669
 24     3.592 53057.61932797 19.06 105.273581  11.940448 22.669
 25     2.603 53092.61936350 28.58 105.263313  11.927934 13.447
 25     2.334 53092.61936414 28.26 105.262563  11.931234 13.447
 25     1.970 53092.61936479 23.62 105.261813  11.934534 13.447
 25     2.472 53092.61936543 20.99 105.261063  11.937844 13.447
 25     2.376 53092.61936607 18.76 105.260323  11.941144 13.447
 26     2.662 53127.61933492 26.45 105.272135  11.930296 19.389
 26     2.776 53127.61933557 27.70 105.271385  11.933596 19.389
 26     2.666 53127.61933621 31.46 105.270635  11.936906 19.389
 26     2.701 53127.61933686 37.25 105.269895  11.940206 19.389
 28    11.814 53197.61939879 18.08 105.270921  11.927623  8.612
 28     6.815 53197.61939944 22.40 105.270171  11.930923  8.612
 28     6.849 53197.61940008 27.29 105.269421  11.934223  8.612
 28     6.821 53197.61940073 22.98 105.268671  11.937533  8.612
 28     6.790 53197.61940137 21.92 105.267921  11.940833  8.612
 29    13.493 53232.61937570 27.37 105.277286  11.929151 23.455
 29    13.107 53232.61937635 25.85 105.276536  11.932451 23.455
 29    13.138 53232.61937699 25.25 105.275786  11.935761 23.455
 29    13.193 53232.61937763 26.13 105.275036  11.939061 23.455
 30    13.927 53267.61934443 41.38 105.270197  11.929376 37.762
 30    14.042 53267.61934508 49.68 105.269447  11.932676 37.762
 30    14.101 53267.61934572 48.07 105.268707  11.935976 37.762
 30    13.959 53267.61934636 43.04 105.267957  11.939286 37.762
 30    13.827 53267.61934701 37.65 105.267207  11.942586 37.762
 31    10.981 53302.61939982 23.31 105.260497  11.927635 33.000
 31     8.520 53302.61940047 37.22 105.259747  11.930935 33.000
 31     8.637 53302.61940111 28.91 105.258997  11.934245 33.000
 31     8.515 53302.61940176 28.50 105.258257  11.937545 33.000
 31     8.594 53302.61940240 35.33 105.257507  11.940845 33.000
 32     8.847 53337.61936942 26.39 105.269611  11.928018 18.525
 32     5.708 53337.61937007 37.77 105.268861  11.931318 18.525
 32     5.593 53337.61937071 34.91 105.268111  11.934618 18.525
 32     5.532 53337.61937135 38.86 105.267361  11.937928 18.525
 32     5.682 53337.61937200 45.97 105.266611  11.941228 18.525
 33     4.221 53372.61930401 18.99 105.273446  11.928616 19.842
 33     4.182 53372.61930465 33.24 105.272700  11.931919 19.442
 33     4.086 53372.61930530 35.00 105.271950  11.935219 19.442
 33     4.097 53372.61930594 26.82 105.271200  11.938519 19.442
 33     4.396 53372.61930658 26.42 105.270450  11.941829 19.442
 34     3.061 53407.61934273 26.38 105.271241  11.929770 20.817
 34     2.933 53407.61934338 25.19 105.270491  11.933070 20.817
 34     3.069 53407.61934402 30.38 105.269751  11.936380 20.817
 34     3.062 53407.61934466 24.00 105.269001  11.939680 20.817
 35     2.593 53442.61932759 27.38 105.271284  11.929243 16.486
 35     2.708 53442.61932823 26.21 105.270544  11.932543 16.486
 35     2.730 53442.61932888 30.70 105.269794  11.935843 16.486
 35     2.768 53442.61932952 25.06 105.269044  11.939153 16.486
 35     3.619 53442.61933017 18.90 105.268294  11.942453 16.486
 36     3.159 53477.61939928 44.91 105.264096  11.926161 18.311
 36     2.744 53477.61939993 40.99 105.263346  11.929471 18.311
 36     2.652 53477.61940057 23.35 105.262606  11.932771 18.311
 36     2.760 53477.61940122 28.60 105.261856  11.936071 18.311
 36     2.809 53477.61940186 41.65 105.261106  11.939381 18.311
 36     2.782 53477.61940251 37.23 105.260356  11.942681 18.311
 37     2.590 53512.61941129 19.96 105.269050  11.928606 13.244
 37     2.615 53512.61941193 23.82 105.268300  11.931916 13.244
 37     2.634 53512.61941258 26.87 105.267560  11.935216 13.244
 37     2.638 53512.61941322 30.94 105.266810  11.938516 13.244
 37     2.715 53512.61941387 20.78 105.266060  11.941826 13.244
 38    11.511 53547.61942885 23.73 105.265511  11.926672 12.571
 38     9.345 53547.61942950 22.97 105.264761  11.929982 12.571
 38     5.343 53547.61943014 23.20 105.264011  11.933282 12.571
 38     5.212 53547.61943079 33.24 105.263271  11.936582 12.571
 38     5.201 53547.61943143 23.64 105.262521  11.939892 12.571
 38    10.864 53547.61943208 20.39 105.261771  11.943192 12.571
 39    12.569 53582.61939780 20.78 105.270163  11.930424 19.338
 39    12.283 53582.61939844 21.70 105.269413  11.933724 19.338
 39    12.625 53582.61939909 21.30 105.268663  11.937024 19.338
 39    12.737 53582.61939973 26.47 105.267913  11.940334 19.338
 40    13.058 53617.61935324 23.98 105.268236  11.928247 26.788
 40    12.607 53617.61935388 19.36 105.267496  11.931557 26.788
 40    13.169 53617.61935453 19.34 105.266746  11.934857 26.788
 40    13.239 53617.61935517 24.15 105.265996  11.938167 26.788
 40    13.503 53617.61935582 28.94 105.265246  11.941467 26.788
 41    12.227 53652.61937237 24.38 105.269326  11.928673 32.542
 41    11.663 53652.61937301 23.75 105.268576  11.931983 32.542
 41    12.157 53652.61937365 24.50 105.267836  11.935283 32.542
 41    12.278 53652.61937430 28.77 105.267086  11.938583 32.542
 41    12.549 53652.61937494 38.88 105.266336  11.941893 32.542
 42     8.116 53687.61937434 44.24 105.265942  11.929304 30.294
 42     8.182 53687.61937498 43.82 105.265192  11.932604 30.294
 42     8.069 53687.61937563 42.23 105.264442  11.935904 30.294
 42     7.982 53687.61937627 32.49 105.263692  11.939214 30.294
 42     8.077 53687.61937692 34.23 105.262942  11.942514 30.294
 43    10.510 53722.61929921 18.49 105.273980  11.928138 27.531
 43     5.919 53722.61929985 21.94 105.273223  11.931441 21.773
 43     5.596 53722.61930050 25.34 105.272483  11.934751 21.773
 43     5.639 53722.61930114 24.41 105.271733  11.938051 21.773
 43     5.792 53722.61930178 26.60 105.270983  11.941361 21.773
 44     4.337 53757.61923398 49.85 105.275984  11.929852 24.138
 44     4.233 53757.61923463 49.27 105.275244  11.933162 24.138
 44     4.219 53757.61923527 51.30 105.274494  11.936462 24.138
 44     4.051 53757.61923592 50.07 105.273744  11.939762 24.138
 45     3.128 53792.61925738 18.71 105.274374  11.928202 27.602
 45     3.263 53792.61925803 24.72 105.273624  11.931502 27.602
 45     3.182 53792.61925867 32.37 105.272874  11.934802 27.602
 45     3.130 53792.61925932 32.50 105.272124  11.938112 27.602
 45     4.044 53792.61925996 20.25 105.271374  11.941412 27.602
 46    12.014 53827.61922458 16.53 105.273051  11.927825 22.616
 46     2.845 53827.61922523 26.15 105.272300  11.931135 21.878
 46     2.973 53827.61922587 29.28 105.271550  11.934435 21.878
 46     2.808 53827.61922652 30.63 105.270810  11.937735 21.878
 46     3.049 53827.61922716 24.05 105.270060  11.941045 21.878
 47     3.044 53862.61931043 47.65 105.266335  11.926650 37.181
 47     2.611 53862.61931108 28.22 105.265585  11.929950 37.181
 47     2.637 53862.61931172 24.69 105.264835  11.933250 37.181
 47     2.955 53862.61931237 34.53 105.264087  11.936561 32.836
 47     2.787 53862.61931301 37.51 105.263337  11.939861 32.836
 47     2.773 53862.61931366 40.89 105.262587  11.943161 32.836
 48     4.755 53897.61933301 34.33 105.269884  11.928740 19.975
 48     4.592 53897.61933366 29.18 105.269144  11.932040 19.975
 48     4.582 53897.61933430 34.04 105.268394  11.935340 19.975
 48     4.302 53897.61933495 31.17 105.267644  11.938650 19.975
 48     4.471 53897.61933559 28.45 105.266894  11.941950 19.975
 49     8.470 53932.61938115 19.91 105.260058  11.927571 23.977
 49     8.498 53932.61938180 25.19 105.259308  11.930871 23.977
 49     8.359 53932.61938244 26.20 105.258564  11.934184 28.077
 49     8.367 53932.61938309 24.98 105.257814  11.937484 28.077
 49    10.373 53932.61938373 22.72 105.257064  11.940784 28.077
 49    11.187 53932.61938438 22.08 105.256314  11.944094 28.077
 50    13.401 53967.61935471 26.20 105.264275  11.928387 32.047
 50    13.527 53967.61935536 33.51 105.263525  11.931697 32.047
 50    13.671 53967.61935600 37.02 105.262775  11.934997 32.047
 50    13.614 53967.61935665 37.37 105.262025  11.938307 32.047
 50    13.657 53967.61935729 35.42 105.261283  11.941610 41.160
 51    11.680 54002.61932124 24.38 105.270588  11.929900 36.464
 51    11.656 54002.61932188 22.67 105.269835  11.933211 30.705
 51    11.721 54002.61932253 25.66 105.269085  11.936511 30.705
 51    11.900 54002.61932317 27.95 105.268345  11.939811 30.705
 52    11.486 54037.61935849 20.46 105.271683  11.930657 29.396
 52    10.752 54037.61935913 19.90 105.270933  11.933957 29.396
 52    10.963 54037.61935978 19.12 105.270183  11.937257 29.396
 52    10.672 54037.61936042 24.82 105.269436  11.940560 28.230
 53     5.876 54072.61935251 29.47 105.271027  11.930547 23.051
 53     6.148 54072.61935315 33.72 105.270277  11.933857 23.051
 53     5.961 54072.61935380 37.38 105.269527  11.937157 23.051
 53     6.169 54072.61935444 46.63 105.268777  11.940457 23.051
 54    10.397 54107.61930129 14.30 105.270337  11.928688 19.866
 54     4.499 54107.61930193 19.23 105.269587  11.931988 19.866
 54     4.467 54107.61930258 20.96 105.268837  11.935298 19.866
 54     4.687 54107.61930322 20.54 105.268087  11.938598 19.866
 54     4.989 54107.61930387 21.06 105.267347  11.941908 19.866
 55     3.053 54142.61928795 30.47 105.268683  11.929293 34.402
 55     3.098 54142.61928860 24.19 105.267933  11.932593 34.402
 55     3.282 54142.61928924 35.55 105.267185  11.935906 17.260
 55     3.004 54142.61928988 38.65 105.266435  11.939206 17.260
 55     3.767 54142.61929053 23.05 105.265685  11.942506 17.260
 56     3.652 54177.61928384 42.89 105.270182  11.927798 18.190
 56     2.898 54177.61928448 47.22 105.269432  11.931098 18.190
 56     2.596 54177.61928513 32.58 105.268682  11.934408 18.190
 56     2.642 54177.61928577 46.22 105.267932  11.937708 18.190
 56     2.734 54177.61928642 50.64 105.267192  11.941008 18.190
 57     2.469 54212.61929470 32.27 105.268238  11.928047 19.985
 57     2.392 54212.61929535 20.86 105.267498  11.931347 19.985
 57     2.659 54212.61929599 22.03 105.266748  11.934647 19.985
 57     2.721 54212.61929664 25.83 105.265998  11.937957 19.985
 57     3.153 54212.61929728 21.19 105.265248  11.941257 19.985
 58     3.785 54247.61932434 46.26 105.268728  11.929262 14.889
 58     3.600 54247.61932499 30.05 105.267978  11.932562 14.889
 58     3.352 54247.61932563 34.84 105.267238  11.935862 14.889
 58     3.293 54247.61932628 39.77 105.266488  11.939172 14.889
 58     3.348 54247.61932692 24.72 105.265738  11.942472 14.889
 60    11.262 54317.61933140 17.00 105.271563  11.929718 14.470
 60     8.869 54317.61933205 19.25 105.270813  11.933028 14.470
 60     8.870 54317.61933269 19.40 105.270063  11.936328 14.470
 60     9.022 54317.61933334 20.29 105.269323  11.939628 14.470
 61    11.418 54352.61929684 28.11 105.271388  11.928591 14.731
 61    11.396 54352.61929749 28.73 105.270638  11.931891 14.731
 61    11.501 54352.61929813 31.64 105.269888  11.935201 14.731
 61    11.339 54352.61929878 30.58 105.269138  11.938501 14.731
 61    11.373 54352.61929942 31.61 105.268398  11.941801 14.731
 62    13.563 54387.61927116 48.05 105.270426  11.930189 38.290
 62    13.656 54387.61927180 49.86 105.269676  11.933489 38.290
 62    13.522 54387.61927245 50.47 105.268926  11.936789 38.290
 62    13.514 54387.61927309 49.08 105.268176  11.940099 38.290
 63     9.036 54422.61924632 33.11 105.270415  11.927932 25.425
 63     9.177 54422.61924696 37.81 105.269665  11.931232 25.425
 63     9.039 54422.61924761 38.21 105.268924  11.934545 21.434
 63     9.105 54422.61924825 37.64 105.268174  11.937845 21.434
 63     9.060 54422.61924890 34.02 105.267424  11.941145 21.434
 64     5.573 54457.61924475 51.26 105.269984  11.928485 18.523
 64     5.372 54457.61924540 50.68 105.269234  11.931785 18.523
 64     5.412 54457.61924604 46.87 105.268484  11.935085 18.523
 64     5.370 54457.61924669 44.46 105.267744  11.938395 18.523
 64     5.393 54457.61924733 45.06 105.266994  11.941695 18.523
 65     3.972 54492.61924969 49.44 105.271057  11.930543 16.519
 65     3.852 54492.61925034 45.57 105.270307  11.933843 16.519
 65     3.931 54492.61925098 49.06 105.269557  11.937153 16.519
 65     3.839 54492.61925163 50.45 105.268807  11.940453 16.519
 66     3.661 54527.61925718 39.61 105.271691  11.927634 21.149
 66     3.455 54527.61925782 44.82 105.270941  11.930944 21.149
 66     3.048 54527.61925847 40.75 105.270191  11.934244 21.149
 66     3.105 54527.61925911 50.89 105.269441  11.937544 21.149
 66     3.203 54527.61925976 51.97 105.268691  11.940854 21.149
 67     3.044 54562.61925761 37.22 105.270115  11.930313 10.020
 67     3.043 54562.61925825 37.73 105.269375  11.933613 10.020
 67     3.053 54562.61925890 31.49 105.268625  11.936913 10.020
 67     3.016 54562.61925954 28.95 105.267875  11.940223 10.020
 68     3.431 54597.61925396 26.55 105.269254  11.930057 15.235
 68     3.698 54597.61925461 26.91 105.268504  11.933357 15.235
 68     3.309 54597.61925525 29.93 105.267754  11.936667 15.235
 68     3.253 54597.61925590 30.43 105.267014  11.939967 15.235
 69     6.959 54632.61926666 24.08 105.268589  11.928554 16.121
 69     7.239 54632.61926731 28.48 105.267839  11.931854 16.121
 69     7.102 54632.61926795 34.72 105.267089  11.935154 16.121
 69     7.143 54632.61926860 30.45 105.266339  11.938464 16.121
 69     6.945 54632.61926924 26.46 105.265589  11.941764 16.121
 70    11.307 54667.61927209 19.70 105.268623  11.928215 16.408
 70    10.082 54667.61927273 21.52 105.267873  11.931515 16.408
 70     9.404 54667.61927338 23.67 105.267123  11.934825 16.408
 70     9.427 54667.61927402 25.58 105.266373  11.938125 16.408
 70    11.848 54667.61927467 25.17 105.265623  11.941435 16.408
 71    13.122 54702.61923874 53.32 105.272006  11.929532 37.437
 71    13.238 54702.61923938 49.85 105.271256  11.932832 37.437
 71    13.164 54702.61924003 51.48 105.270506  11.936132 37.437
 71    13.069 54702.61924067 52.86 105.269756  11.939442 37.437
 72    12.184 54737.61923351 25.13 105.269011  11.929603 26.766
 72    11.731 54737.61923415 20.33 105.268261  11.932903 26.766
 72    13.755 54737.61923480 18.24 105.267511  11.936213 26.766
 72    14.136 54737.61923544 18.47 105.266761  11.939513 26.766
 72    14.298 54737.61923609 22.63 105.266021  11.942813 26.766
 73    11.733 54772.61921914 22.41 105.271552  11.929493 18.788
 73    10.814 54772.61921979 22.99 105.270802  11.932803 18.788
 73     9.237 54772.61922043 24.19 105.270062  11.936103 18.788
 73     9.314 54772.61922108 35.81 105.269312  11.939413 18.788
 74    10.696 54807.61922628 23.80 105.268408  11.927509 27.532
 74     7.321 54807.61922693 26.24 105.267658  11.930819 27.532
 74     7.268 54807.61922757 31.20 105.266908  11.934119 27.532
 74     7.114 54807.61922821 32.20 105.266158  11.937429 27.532
 74     7.208 54807.61922886 41.49 105.265408  11.940729 27.532
 75     8.039 54842.61921615 17.54 105.270790  11.927572 19.412
 75     4.692 54842.61921679 27.54 105.270050  11.930872 19.412
 75     4.881 54842.61921744 32.04 105.269300  11.934182 19.412
 75     4.799 54842.61921808 25.74 105.268550  11.937482 19.412
 75     4.976 54842.61921873 20.39 105.267800  11.940782 19.412
 76     2.915 54877.61922914 27.89 105.268035  11.930056 31.033
 76     3.487 54877.61922978 26.23 105.267285  11.933366 31.033
 76     3.521 54877.61923043 28.91 105.266545  11.936666 31.033
 76     3.430 54877.61923107 23.79 105.265795  11.939966 31.033
 77     2.728 54912.61922035 23.05 105.269491  11.927651 25.398
 77     2.734 54912.61922099 30.13 105.268741  11.930961 25.398
 77     2.835 54912.61922164 31.99 105.268001  11.934261 25.398
 77     2.837 54912.61922228 34.46 105.267251  11.937571 25.398
 77     2.662 54912.61922293 25.65 105.266501  11.940871 25.398
 78     9.698 54947.61922149 24.10 105.267834  11.927561 23.171
 78     3.302 54947.61922213 24.80 105.267084  11.930861 23.171
 78     3.199 54947.61922278 29.04 105.266334  11.934171 23.171
 78     3.277 54947.61922342 37.86 105.265584  11.937471 23.171
 78     3.243 54947.61922406 32.54 105.264844  11.940771 23.171
 79     5.714 54982.61924744 50.16 105.268148  11.928781 24.611
 79     5.599 54982.61924809 44.91 105.267398  11.932081 24.611
 79     5.340 54982.61924873 44.60 105.266648  11.935391 24.611
 79     5.366 54982.61924938 40.82 105.265908  11.938691 24.611
 79     5.420 54982.61925002 38.86 105.265158  11.941991 24.611
 80     7.214 55017.61924557 50.09 105.270529  11.927423 26.224
 80     6.789 55017.61924621 50.19 105.269789  11.930723 26.224
 80     6.755 55017.61924686 43.68 105.269039  11.934023 26.224
 80     6.646 55017.61924750 48.09 105.268289  11.937333 26.224
 80     6.756 55017.61924815 46.61 105.267539  11.940633 26.224
 81    12.977 55052.61924145 40.17 105.271003  11.929321 24.241
 81    12.915 55052.61924209 46.23 105.270263  11.932621 24.241
 81    12.876 55052.61924274 46.12 105.269513  11.935931 24.241
 81    12.957 55052.61924338 45.44 105.268763  11.939231 24.241
 81    12.985 55052.61924403 45.43 105.268013  11.942531 24.241
 82    12.083 55087.61920464 22.61 105.270071  11.929600 26.104
 82    13.066 55087.61920528 19.85 105.269321  11.932910 26.104
 82    13.539 55087.61920593 18.98 105.268581  11.936210 26.104
 82    13.971 55087.61920657 23.94 105.267831  11.939520 26.104
 82    14.179 55087.61920721 27.34 105.267081  11.942820 26.104
 83    11.008 55122.61917682 23.42 105.270305  11.930513 24.992
 83    10.952 55122.61917747 22.72 105.269555  11.933813 24.992
 83    14.125 55122.61917811 22.68 105.268805  11.937123 24.992
 83    14.232 55122.61917876 23.49 105.268055  11.940423 24.992
 84    10.709 55157.61916462 19.40 105.269400  11.929214 17.908
 84     9.366 55157.61916527 23.74 105.268650  11.932524 17.908
 84     6.805 55157.61916591 23.05 105.267910  11.935824 17.908
 84     6.646 55157.61916656 23.91 105.267160  11.939134 17.908
 84     6.729 55157.61916720 24.74 105.266410  11.942434 17.908
 85     4.698 55192.61916635 43.25 105.268658  11.927990 15.033
 85     4.569 55192.61916699 41.66 105.267908  11.931300 15.033
 85     4.633 55192.61916763 36.96 105.267158  11.934600 15.033
 85     4.606 55192.61916828 32.51 105.266408  11.937900 15.033
 85     4.474 55192.61916892 29.40 105.265658  11.941210 15.033
 86     3.751 55227.61916603 45.98 105.269677  11.928778 13.848
 86     3.466 55227.61916667 31.40 105.268937  11.932078 13.848
 86     3.524 55227.61916732 30.00 105.268187  11.935388 13.848
 86     3.346 55227.61916796 28.77 105.267437  11.938688 13.848
 86     3.592 55227.61916861 31.33 105.266687  11.941988 13.848
 87     2.445 55262.61916174 28.61 105.270234  11.930249 15.987
 87     2.612 55262.61916239 25.78 105.269494  11.933549 15.987
 87     2.548 55262.61916303 30.45 105.268744  11.936859 15.987
 87     3.251 55262.61916368 19.55 105.267994  11.940159 15.987
 88     2.602 55297.61915044 27.48 105.270798  11.929582 20.058
 88     2.448 55297.61915109 26.45 105.270048  11.932882 20.058
 88     2.660 55297.61915173 29.84 105.269308  11.936182 20.058
 88     3.274 55297.61915238 20.25 105.268558  11.939492 20.058
 88     3.882 55297.61915302 17.90 105.267808  11.942792 20.058
 89     3.226 55332.61914123 50.42 105.268758  11.926967 21.713
 89     2.933 55332.61914187 27.64 105.268008  11.930277 21.713
 89     2.937 55332.61914252 26.84 105.267258  11.933577 21.713
 89     2.986 55332.61914316 32.64 105.266508  11.936877 21.713
 89     2.876 55332.61914381 24.97 105.265758  11.940187 21.713
 90    12.156 55367.61913307 19.10 105.270961  11.928209 22.672
 90     3.957 55367.61913371 31.29 105.270221  11.931509 22.672
 90     3.969 55367.61913436 33.25 105.269471  11.934819 22.672
 90     3.958 55367.61913500 25.78 105.268721  11.938119 22.672
 90     3.842 55367.61913565 24.75 105.267971  11.941419 22.672
 91     6.333 55402.61914793 30.07 105.269536  11.928391 17.424
 91     6.312 55402.61914857 39.58 105.268786  11.931691 17.424
 91     6.356 55402.61914922 36.87 105.268036  11.934991 17.424
 91     6.214 55402.61914986 37.11 105.267286  11.938301 17.424
 91     6.186 55402.61915051 33.98 105.266536  11.941601 17.424
 92    11.121 55437.61915132 23.72 105.271653  11.929559 16.572
 92    11.204 55437.61915197 24.36 105.270903  11.932859 16.572
 92    11.204 55437.61915261 25.51 105.270153  11.936169 16.572
 92    11.194 55437.61915326 26.16 105.269403  11.939469 16.572
 93    11.798 55472.61910019 21.02 105.271791  11.928802 20.300
 93    10.955 55472.61910083 18.67 105.271041  11.932112 20.300
 93    11.348 55472.61910148 18.46 105.270291  11.935412 20.300
 93    11.799 55472.61910212 18.97 105.269551  11.938712 20.300
 93    14.201 55472.61910277 23.94 105.268801  11.942022 20.300
