-266494.800     0.794     0.00    7.23
-266118.389     1.318     1.39    7.13
-265741.970     1.620     0.80    6.81
-265365.543     1.793     0.46    6.24
-264989.107     0.312    -3.93    5.40
-264612.663    -0.207    -1.38    4.57
-264236.210     0.722     2.47    4.90
-263859.749     0.993     0.72    4.70
-263483.279     1.081     0.23    4.45
-263106.801     0.773    -0.82    4.27
-262730.315     2.105     3.54    5.10
-262353.820     3.410     3.47    5.21
-261977.317     6.030     6.96    5.12
-261600.805     8.668     7.01    4.26
-261224.284    10.343     4.45    3.62
-260847.756    10.718     1.00    3.73
-260471.218    10.902     0.49    3.48
-260094.673     9.279    -4.31    3.79
-259718.119     8.279    -2.66    3.63
-259341.556     8.184    -0.25    3.36
-258964.985     9.415     3.27    4.13
-258588.405    10.874     3.87    4.65
-258211.817    12.343     3.90    3.48
-257835.220    13.594     3.32    3.13
-257458.615    14.645     2.79    3.62
-257082.002    16.218     4.18    3.61
-256705.380    17.568     3.58    3.46
-256328.749    18.617     2.78    3.39
-255952.110    19.799     3.14    3.57
-255575.463    21.697     5.04    3.95
-255198.807    23.107     3.74    3.91
-254822.142    25.043     5.14    4.55
-254445.469    27.368     6.17    5.03
-254068.788    29.305     5.14    5.67
-253692.098    30.418     2.95    4.64
-253315.399    32.200     4.73    3.72
-252938.692    32.227     0.07    3.29
-252561.976    31.968    -0.69    3.43
-252185.252    31.679    -0.77    3.45
-251808.520    33.805     5.64    5.09
-251431.778    37.850    10.74    7.08
-251056.618    40.773     7.79    7.23
-250681.559    43.825     8.13    6.06
-250306.493    45.850     5.40    5.07
-249931.417    50.004    11.07    9.55
-249556.334    59.244    24.63   23.32
-249181.242    76.168    45.11   34.63
-248806.141   101.837    68.42   44.84
-248431.032   122.147    54.14   45.88
-248055.915   145.293    61.70   45.11
-247680.789   164.937    52.36   35.42
-247305.654   174.768    26.20   28.97
-246930.512   173.218    -4.13   32.06
-246555.360   156.568   -44.38   41.79
-246180.200   126.338   -80.57   54.21
-245805.032    96.440   -79.68   49.65
-245429.855    83.129   -35.47   33.81
-245054.670    79.731    -9.06   27.61
-244679.476    85.517    15.42   28.57
-244304.274    89.415    10.39   29.01
-243929.064    89.850     1.16   27.90
-243553.844    84.543   -14.14   19.97
-243178.617    82.700    -4.91   14.75
-242803.380    83.876     3.13   11.08
-242428.136    85.568     4.51   10.07
-242052.883    84.363    -3.21   12.50
-241677.621    80.885    -9.27   14.51
-241302.351    78.763    -5.66   15.75
-240927.072    81.910     8.38   14.33
-240551.785    84.132     5.92   11.41
-240176.489    81.697    -6.49    9.23
-239801.185    75.793   -15.73    8.33
-239425.872    70.440   -14.26    7.03
-239050.551    64.763   -15.12    5.39
-238675.221    62.568    -5.85    6.45
-238299.883    59.893    -7.13    6.37
-237924.536    56.594    -8.79    4.84
-237549.181    55.690    -2.41    5.32
-237173.817    55.793     0.27    6.04
-236798.444    55.107    -1.83    5.74
-236423.063    57.793     7.16    8.02
-236047.674    70.722    34.44   25.11
-235672.276    81.418    28.49   28.46
-235296.869    89.594    21.78   26.63
-234921.454    85.406   -11.15   25.20
-234546.031    77.279   -21.65   25.67
-234170.598    64.513   -34.00   19.79
-233795.158    55.068   -25.15    9.51
-233419.708    50.722   -11.57    4.37
-233044.250    51.118     1.05    4.38
-232668.784    50.415    -1.87    4.46
-232293.309    49.121    -3.44    5.28
-231917.825    45.471    -9.72    6.20
-231542.333    41.671   -10.12    4.81
-231166.833    39.093    -6.86    3.90
-230791.323    38.043    -2.80    3.56
-230415.806    37.466    -1.54    3.16
-230040.279    37.193    -0.73    3.32
-229664.744    36.779    -1.10    3.53
-229289.201    34.343    -6.48    4.46
-228913.648    33.543    -2.13    4.81
-228538.088    32.812    -1.94    4.27
-228162.518    32.743    -0.18    4.37
-227786.940    32.735    -0.02    3.93
-227411.354    33.700     2.57    4.12
-227035.759    34.261     1.49    4.26
-226660.155    35.235     2.59    4.36
-226284.543    35.902     1.77    4.31
-225908.922    35.668    -0.62    3.99
-225533.293    36.876     3.21    3.03
-225157.655    36.700    -0.47    2.92
-224782.008    36.243    -1.22    2.57
-224406.353    35.885    -0.95    2.36
-224030.689    36.753     2.31    2.83
-223655.016    37.993     3.30    3.03
-223279.335    39.279     3.42    3.07
-222903.645    39.768     1.30    3.39
-222527.947    40.093     0.86    3.83
-222152.240    42.004     5.09    3.99
-221776.524    42.643     1.70    3.69
-221400.800    44.209     4.17    3.86
-221025.067    46.642     6.47    6.06
-220649.325    48.893     5.99    9.28
-220273.575    53.338    11.83   12.69
-219897.816    58.927    14.87   13.17
-219522.049    60.107     3.14   11.35
-219146.273    57.993    -5.62   12.12
-218770.488    54.963    -8.06   13.31
-218394.695    51.132   -10.19   14.18
-218018.893    58.305    19.08   33.14
-217643.082    72.081    36.65   45.68
-217267.263    99.007    71.64   57.20
-216891.435   136.902   100.82   54.59
-216515.598   165.193    75.27   56.14
-216139.753   188.902    63.07   47.74
-215763.899   209.218    54.05   36.63
-215388.036   218.693    25.21   26.69
-215012.165   215.773    -7.77   29.68
-214636.285   201.324   -38.44   41.02
-214260.396   182.594   -49.82   48.40
-213884.499   161.618   -55.79   51.17
-213508.593   137.332   -64.60   41.19
-213132.678   118.618   -49.77   23.53
-212756.755   107.690   -29.07   11.65
-212380.823   104.674    -8.02   10.07
-212004.882   103.418    -3.34    7.29
-211628.933   102.517    -2.40   20.49
-211252.974   100.593    -5.12   30.70
-210877.008    91.943   -23.00   34.17
-210501.032    85.055   -18.32   36.79
-210125.048    73.812   -29.90   22.03
-209749.055    74.200     1.03   24.60
-209373.053    78.068    10.29   29.21
-208997.043    91.843    36.63   32.24
-208621.024   100.818    23.87   31.09
-208244.996   108.338    19.99   21.84
-207868.960   112.624    11.40   11.43
-207492.915   113.943     3.51    6.39
-207116.861   115.398     3.87    6.79
-206740.798   117.042     4.37    7.32
-206364.727   118.618     4.19    8.22
-205988.647   124.305    15.12   15.44
-205612.558   126.293     5.29   14.37
-205236.460   129.286     7.96   11.52
-204860.354   133.389    10.91   10.40
-204484.239   134.671     3.41    7.22
-204108.115   138.850    11.11    9.71
-203731.983   139.812     2.56   11.87
-203355.842   137.595    -5.89    7.83
-202979.692   137.158    -1.16    6.69
-202603.533   139.773     6.95   12.72
-202227.366   143.081     8.79   16.95
-201851.189   146.943    10.27   20.52
-201475.004   156.858    26.35   29.32
-201098.811   162.876    16.00   34.14
-200722.608   166.542     9.74   33.17
-200346.397   171.773    13.90   31.51
-199970.177   183.343    30.75   34.03
-199593.948   198.179    39.43   43.36
-199217.711   222.493    64.62   45.41
-198841.464   233.158    28.34   44.51
-198465.209   242.093    23.75   48.43
-198088.946   237.979   -10.93   44.87
-197712.673   229.305   -23.05   37.19
-197336.392   224.715   -12.20   27.96
-196960.101   219.825   -12.99   22.67
-196583.802   219.568    -0.68   22.75
-196207.495   226.132    17.44   28.69
-195831.178   234.618    22.55   33.80
-195454.853   249.300    39.01   38.77
-195078.519   261.647    32.81   33.02
-194702.176   263.618     5.24   29.48
-194325.824   254.979   -22.95   35.61
-193949.463   235.251   -52.41   38.47
-193573.094   203.368   -84.70   36.06
-193196.716   187.041   -43.38   31.67
-192820.329   173.226   -36.70   33.98
-192443.933   147.722   -67.75   35.82
-192067.529   138.927   -23.36   46.16
-191691.115   141.491     6.81   54.74
-191314.693   151.243    25.90   60.02
-190938.262   172.286    55.90   44.33
-190561.822   178.884    17.53   24.44
-190185.374   172.668   -16.51   20.80
-189808.916   161.154   -30.58   13.85
-189432.450   159.410    -4.63   12.82
-189055.975   163.243    10.18   15.61
-188679.491   163.568     0.86   15.92
-188302.998   163.043    -1.39   15.33
-187926.496   159.393    -9.69   11.77
-187549.986   157.200    -5.83    5.73
-187173.466   159.918     7.22    6.36
-186796.938   168.253    22.13   16.18
-186420.401   189.812    57.25   33.00
-186043.855   204.620    39.32   31.67
-185667.300   210.934    16.77   32.49
-185290.737   213.543     6.93   37.75
-184914.164   204.235   -24.71   38.08
-184537.583   191.643   -33.43   35.72
-184160.993   186.363   -14.02   23.95
-183784.394   186.081    -0.75   18.38
-183407.786   181.799   -11.37   10.40
-183031.169   185.286     9.26   12.72
-182654.543   177.674   -20.21   18.71
-182277.909   164.839   -34.07   17.98
-181901.265   160.668   -11.07   16.35
-181524.613   153.543   -18.92   10.54
-181147.952   153.943     1.06   10.36
-180771.281   156.697     7.31   11.43
-180394.603   159.679     7.92   14.71
-180017.915   162.788     8.25   16.51
-179641.218   162.415    -0.99   16.66
-179264.512   154.858   -20.06   15.64
-178887.798   150.168   -12.45   10.44
-178511.074   150.235     0.18   11.24
-178134.342   156.693    17.14   12.43
-177757.601   168.363    30.97   16.73
-177380.850   179.368    29.21   20.88
-177004.091   195.338    42.38   23.27
-176627.323   212.645    45.93   27.02
-176250.825   221.910    24.60   25.53
-175875.816   221.042    -2.31   32.35
-175500.799   202.235   -50.14   45.45
-175125.774   167.645   -92.22   38.88
-174750.739   142.645   -66.65   25.25
-174375.695   126.568   -42.86   11.73
-174000.643   120.016   -17.47    7.82
-173625.582   119.568    -1.19   12.91
-173250.512   119.825     0.68   18.88
-172875.433   118.393    -3.82   21.41
-172500.345   115.812    -6.88   24.56
-172125.249   109.466   -16.92   23.50
-171750.143   103.418   -16.12   20.40
-171375.029   100.209    -8.55   17.94
-170999.906    94.593   -14.97   13.64
-170624.774    98.837    11.31   15.02
-170249.633   104.279    14.51   18.30
-169874.483   127.643    62.27   35.58
-169499.324   164.147    97.29   57.08
-169124.157   206.949   114.08   66.91
-168748.981   252.697   121.92   54.04
-168373.795   282.343    79.01   47.09
-167998.601   293.518    29.78   48.72
-167623.398   301.030    20.02   41.63
-167248.186   291.693   -24.88   47.31
-166872.966   277.346   -38.23   44.76
-166497.736   275.518    -4.87   42.47
-166122.497   274.825    -1.85   41.78
-165747.250   260.726   -37.57   52.90
-165371.994   224.671   -96.07   57.97
-164996.729   180.516  -117.65   49.23
-164621.454   150.168   -80.86   48.72
-164246.171   123.799   -70.26   40.62
-163870.879   110.517   -35.39   24.92
-163495.579   131.983    57.19   53.44
-163120.269   161.463    78.54   60.53
-162744.950   193.983    86.64   45.52
-162369.623   198.748    12.69   31.02
-161994.286   162.668   -96.12   58.13
-161618.941   120.645  -111.95   62.50
-161243.587    86.697   -90.44   53.20
-160868.223    71.983   -39.19   40.70
-160492.851    70.095    -5.03   34.76
-160117.470    75.168    13.51   29.32
-159742.080    81.487    16.83   27.18
-159366.681    84.837     8.92   22.89
-158991.273    82.697    -5.70   20.66
-158615.856    79.516    -8.47   19.89
-158240.431    73.902   -14.95   16.85
-157864.996    69.726   -11.12   16.36
-157489.552    64.645   -13.53   12.86
-157114.100    61.095    -9.46    9.60
-156738.638    63.568     6.59   11.06
-156363.168    66.158     6.90   13.86
-155987.688    70.374    11.23   14.18
-155612.200    72.968     6.91   18.52
-155236.702    69.068   -10.39   17.39
-154861.196    70.993     5.13   18.10
-154485.681    78.594    20.24   23.27
-154110.157    85.647    18.78   23.53
-153734.623    93.664    21.34   25.03
-153359.081    97.363     9.85   27.42
-152983.530   101.968    12.26   32.89
-152607.970   114.645    33.75   41.39
-152232.401   111.243    -9.06   43.04
-151856.823   103.934   -19.46   41.09
-151481.236    93.595   -27.53   34.25
-151105.639    81.243   -32.88   22.33
-150730.034    79.594    -4.39   30.38
-150354.420    71.568   -21.36   23.49
-149978.797    64.068   -19.97   14.66
-149603.165    61.487    -6.87    5.42
-149227.524    60.217    -3.38    5.13
-148851.874    57.543    -7.12    6.03
-148476.215    55.368    -5.79    5.73
-148100.547    51.868    -9.32    4.61
-147724.870    49.868    -5.32    3.39
-147349.184    48.593    -3.39    2.66
-146973.489    47.001    -4.24    2.99
-146597.785    46.493    -1.35    2.93
-146222.072    44.861    -4.34    2.99
-145846.350    43.226    -4.35    2.94
-145470.619    41.418    -4.81    2.82
-145094.878    39.850    -4.17    2.72
-144719.129    37.868    -5.27    2.55
-144343.371    36.671    -3.19    2.12
-143967.604    35.393    -3.40    3.10
-143591.827    34.184    -3.22    3.22
-143216.042    32.876    -3.48    3.30
-142840.248    32.276    -1.60    3.16
-142464.444    32.893     1.64    3.61
-142088.632    32.415    -1.27    3.54
-141712.811    33.843     3.80    3.04
-141336.980    33.594    -0.66    3.38
-140961.140    32.843    -2.00    3.59
-140585.292    32.726    -0.31    3.55
-140209.434    31.884    -2.24    2.58
-139833.567    32.081     0.52    2.09
-139457.692    32.799     1.91    1.99
-139081.807    32.520    -0.74    2.02
-138705.913    31.979    -1.44    1.89
-138330.010    32.268     0.77    2.13
-137954.098    33.004     1.96    2.58
-137578.177    33.825     2.18    2.89
-137202.246    33.885     0.16    3.09
-136826.307    34.030     0.38    3.49
-136450.359    35.227     3.18    3.59
-136074.401    36.147     2.45    3.67
-135698.435    36.473     0.87    3.66
-135322.459    36.209    -0.70    3.59
-134946.474    35.368    -2.24    3.16
-134570.481    35.422     0.14    2.49
-134194.478    35.389    -0.09    2.48
-133818.466    33.718    -4.44    3.08
-133442.445    32.893    -2.20    3.30
-133066.414    31.959    -2.48    3.43
-132690.375    30.697    -3.36    3.64
-132314.327    30.209    -1.30    3.63
-131938.269    28.953    -3.34    3.02
-131562.203    29.147     0.52    3.68
-131186.127    31.209     5.48    4.79
-130810.042    32.463     3.33    4.63
-130433.948    32.748     0.76    4.88
-130057.845    31.858    -2.37    4.87
-129681.733    29.985    -4.98    4.70
-129305.611    29.793    -0.51    5.12
-128929.481    29.443    -0.93    5.76
-128553.341    28.312    -3.01    5.61
-128177.193    25.850    -6.54    3.68
-127801.035    24.645    -3.20    1.66
-127424.868    24.592    -0.14    1.76
-127048.692    24.415    -0.47    1.33
-126672.506    24.118    -0.79    1.36
-126296.312    23.393    -1.93    1.52
-125920.108    22.491    -2.40    1.84
-125543.896    21.806    -1.82    1.92
-125167.674    21.042    -2.03    1.77
-124791.443    20.293    -1.99    1.65
-124415.202    20.363     0.19    1.63
-124038.953    19.693    -1.78    2.03
-123662.695    19.268    -1.13    1.91
-123286.427    18.791    -1.27    1.90
-122910.150    18.779    -0.03    1.70
-122533.864    19.209     1.14    1.42
-122157.569    19.415     0.55    1.50
-121781.265    19.415     0.00    1.58
-121404.951    19.293    -0.32    1.71
-121028.628    18.722    -1.52    1.71
-120652.296    17.753    -2.58    1.98
-120275.955    16.968    -2.08    1.53
-119899.605    16.593    -1.00    1.51
-119523.246    16.595     0.01    1.48
-119146.877    16.968     0.99    1.68
-118770.499    17.621     1.73    2.78
-118394.112    18.349     1.93    3.31
-118017.716    18.593     0.65    3.15
-117641.310    18.517    -0.20    2.79
-117264.896    16.983    -4.08    3.23
-116888.472    13.989    -7.95    4.53
-116512.039    11.251    -7.27    4.38
-116135.597     8.799    -6.51    3.11
-115759.145     8.739    -0.16    2.76
-115382.684     9.261     1.39    2.74
-115006.214    10.056     2.11    2.62
-114629.735    11.443     3.69    2.84
-114253.247    11.645     0.54    2.79
-113876.749    12.081     1.16    2.60
-113500.243    11.722    -0.95    3.32
-113123.727    10.927    -2.11    3.66
-112747.201    11.726     2.12    5.18
-112370.667    12.332     1.61    5.97
-111994.123    14.443     5.61    5.86
-111617.570    16.748     6.12    5.52
-111241.008    18.645     5.04    5.27
-110864.436    21.261     6.94    5.53
-110487.856    23.541     6.05    4.72
-110111.266    24.968     3.79    2.77
-109734.666    24.943    -0.07    2.77
-109358.058    22.697    -5.97    4.38
-108981.440    17.718   -13.22    6.04
-108604.813    14.030    -9.79    5.62
-108228.177    12.227    -4.79    4.17
-107851.531    12.389     0.43    4.40
-107474.877    14.243     4.92    5.07
-107098.213    16.518     6.04    4.48
-106721.539    18.927     6.39    4.61
-106344.857    21.449     6.69    3.85
-105968.165    23.722     6.03    3.18
-105591.464    25.517     4.76    3.23
-105214.753    27.418     5.05    3.53
-104838.033    29.443     5.38    3.44
-104461.304    31.268     4.84    2.55
-104084.566    32.291     2.71    2.26
-103707.818    32.748     1.21    2.86
-103331.061    32.937     0.50    3.30
-102954.295    32.910    -0.07    4.06
-102577.520    33.030     0.32    3.92
-102200.735    33.279     0.66    2.99
-101823.941    33.518     0.64    2.80
-101447.137    34.261     1.97    3.04
-101071.017    34.415     0.41    3.03
-100696.051    33.910    -1.35    3.31
-100321.077    32.384    -4.07    4.18
 -99946.093    30.812    -4.19    4.05
 -99571.100    30.491    -0.86    3.81
 -99196.097    31.218     1.94    4.14
 -98821.086    31.543     0.86    4.23
 -98446.065    32.184     1.71    4.27
 -98071.035    30.056    -5.67    5.43
 -97695.995    28.042    -5.37    5.35
 -97320.947    26.495    -4.12    4.91
 -96945.889    25.209    -3.43    4.17
 -96570.822    26.129     2.45    3.79
 -96195.746    26.594     1.24    4.05
 -95820.660    26.799     0.55    4.99
 -95445.565    25.918    -2.35    5.12
 -95070.461    24.200    -4.58    4.68
 -94695.348    22.825    -3.67    4.00
 -94320.226    21.004    -4.85    3.94
 -93945.094    19.517    -3.96    4.01
 -93569.953    19.261    -0.68    4.21
 -93194.802    19.147    -0.30    4.51
 -92819.643    18.493    -1.74    4.75
 -92444.474    17.081    -3.76    4.49
 -92069.296    14.030    -8.13    4.84
 -91694.109    10.885    -8.38    4.26
 -91318.912     8.594    -6.11    4.12
 -90943.706     6.178    -6.44    2.81
 -90568.491     4.389    -4.77    2.29
 -90193.266     3.105    -3.42    2.40
 -89818.032     2.594    -1.36    2.27
 -89442.789     2.593    -0.00    2.20
 -89067.537     2.885     0.78    1.94
 -88692.275     3.261     1.00    1.52
 -88317.004     3.368     0.29    1.80
 -87941.724     2.910    -1.22    2.22
 -87566.435     1.837    -2.86    2.60
 -87191.136     0.243    -4.25    2.94
 -86815.827    -1.201    -3.85    2.55
 -86440.510    -1.432    -0.61    2.78
 -86065.183    -1.274     0.42    3.50
 -85689.847    -1.227     0.13    2.97
 -85314.502    -0.996     0.61    2.35
 -84939.147    -1.484    -1.30    2.20
 -84563.783    -1.383     0.27    1.84
 -84188.410    -1.404    -0.06    1.54
 -83813.027    -0.157     3.32    2.72
 -83437.635     0.748     2.41    3.58
 -83062.233     0.518    -0.61    3.82
 -82686.823     0.517    -0.00    3.11
 -82311.403     0.620     0.27    2.84
 -81935.973     0.997     1.00    2.65
 -81560.535     2.620     4.32    3.77
 -81185.087     2.993     1.00    4.27
 -80809.629     2.645    -0.93    4.73
 -80434.163     1.593    -2.80    4.50
 -80058.686    -0.212    -4.81    3.53
 -79683.201    -0.563    -0.93    3.42
 -79307.706    -1.157    -1.58    3.21
 -78932.202    -1.893    -1.96    2.63
 -78556.689    -2.432    -1.43    2.06
 -78181.166    -2.732    -0.80    1.68
 -77805.634    -2.611     0.32    1.48
 -77430.092    -2.278     0.89    1.55
 -77054.541    -1.011     3.37    2.63
 -76678.981     0.493     4.00    3.30
 -76303.411     1.773     3.41    3.90
 -75927.832     3.440     4.44    4.29
 -75552.243     4.415     2.59    3.78
 -75176.645     6.763     6.25    5.21
 -74801.038    10.743    10.60    6.71
 -74425.422    14.491     9.98    5.94
 -74049.796    15.876     3.69    5.42
 -73674.160    13.518    -6.28    7.41
 -73298.515     9.748   -10.04    6.68
 -72922.861     7.640    -5.61    4.76
 -72547.198     7.081    -1.49    4.24
 -72171.525     8.293     3.23    4.77
 -71795.842     9.440     3.05    5.10
 -71420.150     9.643     0.54    5.31
 -71044.449     8.854    -2.10    5.35
 -70668.739     7.726    -3.00    5.31
 -70293.019     5.393    -6.21    5.34
 -69917.289     2.818    -6.85    4.28
 -69541.550     2.495    -0.86    3.87
 -69165.802     3.943     3.85    4.78
 -68790.044     6.109     5.76    4.41
 -68414.277     7.595     3.96    4.69
 -68038.501     7.209    -1.03    5.85
 -67662.715     5.618    -4.23    5.80
 -67286.919     3.593    -5.39    5.09
 -66911.114     2.918    -1.80    4.30
 -66535.300     1.968    -2.53    4.09
 -66159.476     1.244    -1.93    4.65
 -65783.643     0.918    -0.87    5.34
 -65407.800    -0.017    -2.49    4.57
 -65031.948    -0.509    -1.31    3.81
 -64656.087     0.968     3.93    4.28
 -64280.216     2.226     3.35    4.68
 -63904.335     2.293     0.18    4.88
 -63528.445     2.466     0.46    4.85
 -63152.546     2.668     0.54    4.51
 -62776.637     4.227     4.15    5.06
 -62400.719     6.594     6.30    5.12
 -62024.791     7.910     3.50    5.79
 -61648.854     7.463    -1.19    4.87
 -61272.907     6.132    -3.54    5.24
 -60896.951     3.618    -6.69    5.32
 -60520.985     2.018    -4.26    5.37
 -60145.010     1.443    -1.53    5.68
 -59769.026     2.513     2.84    5.81
 -59393.031     3.261     1.99    6.23
 -59017.028     3.516     0.68    5.61
 -58641.015     1.953    -4.16    5.99
 -58264.992    -0.047    -5.32    4.93
 -57888.960    -1.791    -4.64    3.46
 -57512.919    -2.457    -1.77    3.08
 -57136.867    -2.714    -0.68    3.10
 -56760.807    -3.432    -1.91    2.24
 -56384.737    -3.505    -0.19    2.09
 -56008.657    -2.765     1.97    2.35
 -55632.568    -2.357     1.09    3.06
 -55256.469    -1.274     2.88    3.37
 -54880.361    -0.871     1.07    3.73
 -54504.244    -0.919    -0.13    3.97
 -54128.117    -1.073    -0.41    4.02
 -53751.980    -1.773    -1.86    2.66
 -53375.834    -1.721     0.14    3.02
 -52999.678    -0.700     2.71    3.54
 -52623.513     1.030     4.60    4.27
 -52247.338     3.129     5.58    4.75
 -51871.153     3.825     1.85    4.45
 -51494.960     4.825     2.66    3.75
 -51118.756     5.918     2.91    3.89
 -50742.543     7.594     4.45    5.72
 -50366.321     7.398    -0.52    5.59
 -49990.089     8.030     1.68    5.50
 -49613.847     7.594    -1.16    3.72
 -49237.596     7.963     0.98    3.00
 -48861.335     7.489    -1.26    3.57
 -48485.065     7.218    -0.72    3.87
 -48108.785     7.568     0.93    4.33
 -47732.496     7.338    -0.61    4.16
 -47356.197     7.415     0.20    4.09
 -46979.888     7.818     1.07    4.09
 -46603.570     8.690     2.32    4.03
 -46227.242     8.543    -0.39    4.26
 -45850.905     8.363    -0.48    4.23
 -45474.558     7.843    -1.38    4.51
 -45098.202     6.107    -4.61    4.70
 -44721.836     5.592    -1.37    4.99
 -44345.460     6.261     1.78    5.47
 -43969.075     7.268     2.68    5.65
 -43592.680     7.748     1.27    5.05
 -43216.276     8.093     0.92    4.98
 -42839.862     8.664     1.51    5.74
 -42463.438    10.042     3.66    6.07
 -42087.005     9.893    -0.39    5.35
 -41710.562     9.168    -1.93    4.83
 -41334.110     8.715    -1.21    4.16
 -40957.648     8.718     0.01    4.25
 -40581.176     7.624    -2.91    5.30
 -40204.695     5.937    -4.48    5.21
 -39828.204     4.671    -3.36    4.36
 -39451.704     4.668    -0.01    3.66
 -39075.194     4.030    -1.70    3.73
 -38698.674     4.068     0.10    3.76
 -38322.145     2.517    -4.12    3.11
 -37945.606     1.858    -1.75    2.51
 -37569.057     2.193     0.89    3.14
 -37192.499     1.422    -2.05    3.27
 -36815.931     1.697     0.73    3.61
 -36439.354     1.243    -1.20    3.19
 -36062.767     1.463     0.58    2.84
 -35686.170     3.056     4.23    3.32
 -35309.564     5.343     6.07    4.85
 -34932.948     6.989     4.37    4.64
 -34556.322     9.518     6.71    5.26
 -34179.687    11.437     5.09    4.97
 -33803.042    13.449     5.34    4.27
 -33426.387    14.645     3.18    3.67
 -33049.723    14.168    -1.27    3.97
 -32673.049    13.243    -2.46    3.97
 -32296.365    12.773    -1.25    3.50
 -31919.672    14.910     5.67    4.61
 -31542.969    16.731     4.83    4.84
 -31166.256    19.300     6.82    5.74
 -30789.534    21.293     5.29    5.37
 -30412.802    21.261    -0.09    5.48
 -30036.060    18.468    -7.41    6.16
 -29659.308    16.174    -6.09    6.00
 -29282.547    14.697    -3.92    5.09
 -28905.777    13.261    -3.81    3.27
 -28528.996    13.209    -0.14    3.43
 -28152.206    13.645     1.16    3.67
 -27775.406    14.318     1.79    5.34
 -27398.597    16.943     6.97    5.73
 -27021.777    19.568     6.97    4.88
 -26644.948    20.993     3.78    3.62
 -26268.110    21.517     1.39    3.67
 -25892.389    22.235     1.91    3.88
 -25517.466    21.616    -1.65    3.52
 -25142.533    20.953    -1.77    3.85
 -24767.590    18.893    -5.49    4.95
 -24392.638    15.518    -9.00    4.47
 -24017.676    14.693    -2.20    4.02
 -23642.705    14.495    -0.53    3.84
 -23267.724    16.384     5.04    3.83
 -22892.733    17.743     3.62    5.14
 -22517.733    20.004     6.03    6.39
 -22142.723    20.324     0.85    6.50
 -21767.703    19.518    -2.15    5.58
 -21392.674    20.489     2.59    5.13
 -21017.635    22.927     6.50    6.12
 -20642.587    24.209     3.42    6.61
 -20267.529    23.825    -1.03    6.45
 -19892.461    22.595    -3.28    6.68
 -19517.384    21.132    -3.90    4.91
 -19142.297    22.168     2.76    5.10
 -18767.200    24.346     5.81    5.54
 -18392.093    26.368     5.39    5.27
 -18016.977    29.418     8.13   10.48
 -17641.852    35.868    17.19   31.44
 -17266.716    39.209     8.91   31.28
 -16891.571    64.645    67.80   65.40
 -16516.417    78.687    37.43   77.46
 -16141.252    95.235    44.11   81.64
 -15766.078   106.968    31.27   82.08
 -15390.895   111.671    12.53   79.30
 -15015.701   114.268     6.92   75.46
 -14640.498   126.324    32.13   76.37
 -14265.286   129.174     7.59   80.67
 -13890.063   136.943    20.71   77.62
 -13514.831   142.107    13.76   74.75
 -13139.589   146.593    11.95   65.74
 -12764.338   155.618    24.05   54.70
 -12389.077   157.253     4.35   48.19
 -12013.806   144.568   -33.80   48.41
 -11638.525   119.095   -67.88   58.02
 -11263.235   110.718   -22.32   56.84
 -10887.935   101.773   -23.83   59.06
 -10512.625   101.979     0.55   60.13
 -10137.306    98.618    -8.95   66.02
  -9761.977    81.513   -45.57   68.91
  -9386.638    75.293   -16.57   62.14
  -9011.290    57.902   -46.33   48.89
  -8635.931    47.318   -28.20   35.70
  -8260.563    37.261   -26.79   24.30
  -7885.186    28.748   -22.68   13.70
  -7509.798    24.426   -11.51    5.46
  -7134.401    22.620    -4.81    6.46
  -6758.994    20.768    -4.93    6.81
  -6383.578    17.876    -7.70    6.00
  -6008.151    16.293    -4.22    3.94
  -5632.715    15.642    -1.74    3.61
  -5257.269    14.989    -1.74    3.77
  -4881.814    15.218     0.61    3.51
  -4506.348    14.773    -1.18    3.43
  -4130.873    13.593    -3.14    4.51
  -3755.389    12.368    -3.26    5.13
  -3379.894    11.226    -3.04    5.27
  -3004.390    10.491    -1.96    5.23
  -2628.876     9.805    -1.83    4.92
  -2253.352     8.393    -3.76    4.80
  -1877.818     6.491    -5.06    3.75
  -1502.275     6.799     0.82    3.84
  -1126.721     4.056    -7.31    5.86
   -751.159     1.541    -6.70    6.15
   -375.586    -0.107    -4.39    6.15
     -0.003     0.343     1.20    6.49
    375.589     3.593     8.65    5.86
    751.191     6.043     6.52    5.00
   1126.803     6.825     2.08    3.48
   1502.424     6.545    -0.75    4.08
   1878.056     5.953    -1.57    4.81
   2253.697     4.293    -4.42    3.86
   2629.348     2.799    -3.98    3.60
   3005.009     2.168    -1.68    2.42
   3380.680     1.878    -0.77    1.87
   3756.360     1.779    -0.26    1.92
   4132.050     1.843     0.17    2.73
   4507.750     2.643     2.13    3.47
   4883.460     2.812     0.45    3.12
   5259.180     4.443     4.34    4.43
   5634.909     5.489     2.78    4.88
   6010.648     6.902     3.76    5.00
   6386.398     6.768    -0.35    5.27
   6762.156     5.593    -3.13    4.69
   7137.925     4.594    -2.66    3.26
   7513.704     5.618     2.73    4.85
   7889.492     7.068     3.86    4.81
   8265.290     7.818     2.00    4.55
   8641.099     8.218     1.06    4.50
   9016.916     7.418    -2.13    3.83
   9392.744     7.343    -0.20    3.63
   9768.582     8.143     2.13    3.98
  10144.429     9.517     3.66    4.54
  10520.287    10.830     3.49    4.36
  10896.154    11.440     1.62    4.11
  11272.031    13.818     6.33    8.60
  11647.918    38.143    64.71   48.85
  12023.814    62.568    64.98   58.06
  12399.721    87.140    65.37   55.23
  12775.637   105.466    48.75   43.70
  13151.564   105.918     1.20   36.10
  13527.500    86.440   -51.81   40.75
  13903.446    65.349   -56.10   37.00
  14279.402    43.843   -57.20   27.33
  14655.368    31.985   -31.54   16.14
  15031.343    26.493   -14.61    9.01
  15407.329    23.743    -7.31    6.66
  15783.324    24.368     1.66    6.60
  16159.330    23.368    -2.66    5.35
  16535.345    22.593    -2.06    4.80
  16911.370    23.363     2.05    5.02
  17287.405    23.731     0.98    4.51
  17663.450    23.643    -0.23    4.92
  18039.505    24.178     1.42    5.05
  18415.570    25.043     2.30    4.53
  18791.644    25.868     2.19    4.95
  19167.729    26.410     1.44    5.21
  19543.823    25.426    -2.62    5.28
  19919.928    23.642    -4.74    6.00
  20296.042    21.953    -4.49    7.26
  20672.166    20.468    -3.95    6.19
  21048.300    20.209    -0.69    5.68
  21424.444    20.402     0.51    5.08
  21800.598    21.158     2.01    3.97
  22176.762    20.168    -2.63    3.63
  22552.936    19.993    -0.47    3.76
  22929.120    19.235    -2.02    4.02
  23305.313    18.495    -1.97    4.81
  23681.517    19.042     1.45    7.97
  24057.730    25.004    15.85   23.09
  24433.954    39.793    39.31   39.75
  24810.187    58.693    50.24   47.55
  25186.431    70.768    32.09   53.83
  25562.684    77.437    17.72   56.50
  25938.948    74.332    -8.25   62.57
  26315.221    50.979   -62.06   56.65
  26691.504    34.953   -42.59   33.46
  27067.797    24.748   -27.12   11.43
  27444.100    24.516    -0.62    8.34
  27820.413    28.718    11.17   11.30
  28196.737    33.850    13.64   13.76
  28573.070    39.293    14.46   15.04
  28949.413    49.373    26.78   18.19
  29325.766    62.243    34.20   35.24
  29702.129    76.129    36.90   42.85
  30078.502    89.773    36.25   47.97
  30454.885    96.735    18.50   44.41
  30831.278   100.227     9.28   33.89
  31207.681   102.645     6.43   25.92
  31584.093   103.378     1.95   35.40
  31960.516   104.621     3.30   44.46
  32336.949    99.885   -12.58   50.98
  32713.392   103.927    10.74   57.76
  33089.845    88.129   -41.97   53.98
  33466.308    69.154   -50.41   31.09
  33842.781    60.671   -22.53   23.40
  34219.264    53.129   -20.03   22.65
  34595.757    47.943   -13.77   20.07
  34972.260    45.520    -6.44   17.91
  35348.773    40.056   -14.51   10.97
  35725.296    39.645    -1.09    9.88
  36101.829    37.243    -6.38    8.83
  36478.372    39.753     6.66   15.09
  36854.925    43.668    10.40   25.37
  37231.488    49.389    15.19   32.54
  37608.061    48.286    -2.93   29.78
  37984.645    44.043   -11.27   23.95
  38361.238    41.929    -5.61   15.67
  38737.841    40.568    -3.61    9.35
  39114.455    44.718    11.02    9.16
  39491.078    53.018    22.04   20.11
  39867.711    66.491    35.77   32.78
  40244.355    90.363    63.38   52.30
  40621.008   102.545    32.34   52.58
  40997.672   113.517    29.13   44.15
  41374.346   113.983     1.24   35.66
  41751.029   115.543     4.14   30.74
  42127.723   108.389   -18.99   28.87
  42504.427   114.164    15.33   43.79
  42881.141   111.748    -6.41   48.94
  43257.865    99.218   -33.26   53.84
  43634.599    77.468   -57.73   45.74
  44011.343    59.105   -48.74   27.73
  44388.097    46.735   -32.83    5.53
  44764.862    46.332    -1.07    5.41
  45141.636    49.618     8.72   15.12
  45518.420    56.493    18.25   24.59
  45895.215    67.471    29.13   34.99
  46272.020    74.693    19.17   35.19
  46648.834    83.124    22.37   35.16
  47025.659    82.620    -1.34   25.45
  47402.494    89.056    17.08   24.85
  47779.339    96.918    20.87   33.63
  48156.195   101.748    12.82   42.88
  48533.060   106.193    11.80   53.49
  48909.935   115.312    24.20   62.27
  49285.241   120.253    13.16   67.70
  49660.129   111.007   -24.66   68.02
  50035.028   113.227     5.92   67.29
  50409.936   117.568    11.58   75.84
  50784.855   118.068     1.33   78.70
  51159.783   117.542    -1.40   74.89
  51534.722   111.007   -17.43   62.02
  51909.670   113.440     6.49   63.33
  52284.629   103.893   -25.46   57.96
  52659.598    93.349   -28.12   38.71
  53034.576    88.645   -12.54   19.10
  53409.565   101.878    35.29   28.53
  53784.564   123.056    56.48   37.76
  54159.572   139.993    45.17   47.30
  54534.591   161.318    56.87   63.16
  54909.620   181.593    54.06   72.14
  55284.659   189.493    21.07   71.93
  55659.708   200.124    28.35   70.57
  56034.767   189.358   -28.71   52.82
  56409.836   188.868    -1.31   60.50
  56784.915   185.493    -9.00   56.21
  57160.004   175.793   -25.86   49.17
  57535.103   158.718   -45.52   40.03
  57910.212   146.620   -32.26   34.41
  58285.331   144.514    -5.61   37.41
  58660.461   143.143    -3.65   36.17
  59035.600   144.959     4.84   34.75
  59410.750   142.056    -7.74   30.48
  59785.909   128.443   -36.29   23.05
  60161.079   124.132   -11.49   19.27
  60536.258   126.140     5.35   20.49
  60911.448   137.979    31.56   32.44
  61286.648   162.768    66.07   50.61
  61661.858   204.799   112.02   83.43
  62037.078   256.286   137.22  102.20
  62412.308   302.402   122.90  105.66
  62787.548   338.253    95.54   90.69
  63162.799   363.618    67.60   59.97
  63538.059   369.918    16.79   47.55
  63913.330   342.203   -73.86   63.97
  64288.610   278.868  -168.77   84.48
  64663.901   226.095  -140.63   82.16
  65039.202   171.543  -145.36   58.13
  65414.513   143.093   -75.81   31.65
  65789.834   139.918    -8.46   22.85
  66165.165   143.902    10.61   20.70
  66540.506   156.168    32.68   27.82
  66915.858   176.753    54.84   36.87
  67291.219   205.068    75.44   41.47
  67666.591   237.668    86.85   44.92
  68041.973   248.993    30.17   43.36
  68417.365   241.518   -19.91   62.92
  68792.767   206.368   -93.64   85.74
  69168.179   155.261  -136.14   74.64
  69543.602   125.735   -78.65   55.41
  69919.034   114.004   -31.25   44.98
  70294.477   121.893    21.01   47.41
  70669.929   146.893    66.59   51.30
  71045.392   165.793    50.34   49.50
  71420.866   171.021    13.92   40.97
  71796.349   151.437   -52.16   34.59
  72171.842   132.518   -50.39   35.15
  72547.346   118.107   -38.38   28.48
  72922.859   119.276     3.11   29.67
  73298.383   124.885    14.94   36.62
  73673.917   139.832    39.80   44.98
  74049.462   162.004    59.04   53.73
  74425.016   195.018    87.91   52.08
  74800.581   225.363    80.80   55.98
  75176.155   257.693    86.09   66.05
  75551.740   300.081   112.86   99.18
  75927.336   368.235   181.46  100.21
  76302.941   423.235   146.44   84.34
  76678.556   452.193    77.10   88.51
  77054.182   464.218    32.01   90.78
  77429.818   479.868    41.66   79.81
  77805.464   529.466   132.04   90.75
  78181.120   597.466   181.03  100.80
  78556.787   672.949   200.94  111.19
  78932.464   735.415   166.28   95.40
  79308.151   757.373    58.45   96.52
  79683.848   776.143    49.96  101.84
  80059.555   789.671    36.01  101.24
  80435.273   813.406    63.17  117.43
  80811.000   821.910    22.64  123.20
  81186.738   822.943     2.75  119.72
  81562.487   796.979   -69.11  117.43
  81938.245   793.422    -9.47  103.85
  82314.014   791.763    -4.41   93.85
  82689.793   761.595   -80.29  103.58
  83065.582   683.943  -206.65  146.99
  83441.381   563.893  -319.47  144.62
  83817.191   509.178  -145.60  101.42
  84193.010   518.118    23.79  100.11
  84568.841   587.184   183.78  140.53
  84944.681   716.799   344.89  152.47
  85320.532   808.235   243.29  138.75
  85696.392   879.218   188.87  140.67
  86072.263   918.668   104.96  139.26
  86448.145   909.393   -24.68  138.02
  86824.036   903.902   -14.61  120.83
  87199.938   916.433    33.34  111.78
  87575.851   949.446    87.83  124.71
  87951.773  1013.518   170.45  125.76
  88327.706  1061.843   128.55  112.09
  88703.649  1097.443    94.70   86.52
  89079.602  1115.876    49.03   82.77
  89455.565  1114.926    -2.53   77.27
  89831.539  1138.620    63.02   95.71
  90207.523  1181.968   115.30  113.93
  90583.518  1225.722   116.38  111.80
  90959.522  1279.093   141.95  111.74
  91335.537  1342.259   168.00  111.51
  91711.562  1401.121   156.55  108.20
  92087.598  1482.768   217.14  124.76
  92463.644  1567.093   224.25  118.56
  92839.700  1594.203    72.09  124.53
  93215.766  1623.493    77.89  127.65
  93591.843  1587.753   -95.04  123.25
  93967.930  1579.261   -22.58  107.45
  94344.028  1561.593   -46.98   81.66
  94720.135  1528.093   -89.08   63.19
  95096.253  1477.568  -134.34   89.87
  95472.382  1425.107  -139.49  112.14
  95848.520  1317.937  -284.94  115.63
  96224.669  1232.179  -228.00   83.73
  96600.829  1172.993  -157.35   63.25
  96976.998  1145.715   -72.52   40.27
  97353.178  1139.218   -17.27   37.98
  97729.369  1132.168   -18.74   38.73
  98105.569  1124.095   -21.46   40.26
  98481.780  1101.283   -60.64   45.59
  98858.001  1088.697   -33.46   36.88
  99234.233  1072.143   -44.00   34.70
  99610.475  1065.418   -17.88   33.28
  99986.728  1067.594     5.78   32.72
 100362.990  1065.687    -5.07   30.92
 100739.263  1078.594    34.30   36.67
 101115.547  1102.743    64.18   47.98
 101491.841  1113.668    29.04   58.49
 101868.145  1114.517     2.26   58.08
 102244.459  1107.140   -19.61   54.27
 102620.784  1091.358   -41.94   27.83
 102997.120  1093.468     5.61   22.60
 103373.465  1103.043    25.44   22.77
 103749.821  1116.129    34.77   22.38
 104126.188  1120.893    12.66   20.79
 104502.565  1131.374    27.85   28.71
 104878.952  1138.279    18.35   30.55
 105255.349  1132.143   -16.30   40.39
 105631.757  1124.443   -20.46   38.99
 106008.176  1112.968   -30.49   31.46
 106384.605  1109.493    -9.23   31.27
 106761.044  1101.876   -20.24   32.76
 107137.493  1092.989   -23.61   28.81
 107513.953  1089.668    -8.82   25.43
 107890.424  1081.373   -22.04   16.44
 108266.905  1080.143    -3.27   22.60
 108643.396  1049.418   -81.61   61.96
 109019.897  1010.279  -103.96   76.97
 109396.410   973.949   -96.50   76.17
 109772.932   935.300  -102.66   68.52
 110149.465   923.543   -31.23   64.88
 110526.008   925.168     4.32   64.50
 110902.562   913.489   -31.02   59.11
 111279.126   899.330   -37.60   53.51
 111655.701   874.043   -67.15   47.69
 112032.286   849.593   -64.93   49.09
 112408.881   806.349  -114.84   31.70
 112785.487   790.825   -41.22   18.89
 113162.104   794.306     9.25   23.62
 113538.731   818.305    63.72   53.09
 113915.368   877.668   157.63   86.45
 114292.016   963.718   228.48  108.01
 114668.674  1059.768   255.02  113.62
 115045.342  1150.393   240.61  101.45
 115422.022  1208.410   154.03   66.53
 115798.711  1190.520   -47.50   86.11
 116175.411  1132.043  -155.24  115.42
 116552.122  1077.004  -146.12  100.89
 116928.843  1068.693   -22.06   92.83
 117305.574  1106.209    99.59  119.06
 117682.316  1200.168   249.42  119.74
 118059.069  1300.056   265.15   99.10
 118435.831  1368.168   180.80   82.65
 118812.605  1391.763    62.63   73.16
 119189.389  1386.618   -13.66   94.89
 119566.183  1354.349   -85.65  114.75
 119942.988  1316.773   -99.73  104.82
 120319.803  1305.668   -29.47   76.37
 120696.629  1305.398    -0.72   57.55
 121073.466  1299.876   -14.65   39.82
 121450.312  1258.471  -109.88   88.79
 121827.170  1163.927  -250.89  141.76
 122204.038  1063.837  -265.61  140.03
 122580.916   994.338  -184.42   98.62
 122957.805  1003.218    23.57  104.86
 123334.704  1037.640    91.34  113.15
 123711.614  1062.200    65.17   84.71
 124088.535  1025.593   -97.13  111.96
 124463.386   936.443  -237.85  135.97
 124838.227   870.422  -176.15  107.57
 125213.078   827.618  -114.20   50.25
 125587.939   837.543    26.48   54.60
 125962.811   870.081    86.80   54.87
 126337.693   908.018   101.21   56.97
 126712.586   926.398    49.03   67.59
 127087.489   948.818    59.81   73.07
 127462.402   975.793    71.96   78.33
 127837.326  1010.643    92.96   83.51
 128212.261  1040.184    78.79   76.88
 128587.205  1091.968   138.12   85.20
 128962.161  1127.568    94.95   86.61
 129337.126  1142.543    39.94   82.42
 129712.102  1168.837    70.13   57.63
 130087.089  1170.893     5.49   39.81
 130462.086  1147.643   -62.01   45.51
 130837.093  1127.489   -53.75   56.96
 131212.111  1084.330  -115.10   66.70
 131587.139  1033.268  -136.17   76.68
 131962.178   968.368  -173.06  106.73
 132337.227   876.666  -244.53  128.25
 132712.287   783.850  -247.49  119.71
 133087.357   712.568  -190.07   80.36
 133462.437   666.825  -121.97   41.72
 133837.528   652.030   -39.45   38.97
 134212.630   640.418   -30.96   39.60
 134587.742   645.030    12.29   45.60
 134962.864   653.793    23.36   42.43
 135337.997   655.013     3.25   37.94
 135713.141   667.793    34.07   37.53
 136088.295   704.493    97.84   61.02
 136463.459   763.918   158.41   99.56
 136838.634   856.793   247.57  122.02
 137213.819   920.368   169.46   94.98
 137589.015   966.184   122.12   52.15
 137964.222   984.095    47.74   31.58
 138339.439   983.568    -1.40   25.13
 138714.666   984.544     2.60   22.87
 139089.904   982.943    -4.27   22.56
 139465.152   973.918   -24.05   27.00
 139840.411   961.726   -32.49   27.13
 140215.681   955.116   -17.62   34.89
 140590.960   941.668   -35.84   37.10
 140966.251   927.768   -37.04   41.51
 141341.552   902.818   -66.49   41.33
 141716.863   882.722   -53.55   39.71
 142092.185   872.806   -26.42   45.48
 142467.518   883.902    29.56   48.74
 142842.861   897.943    37.41   48.79
 143218.215   944.518   124.09   62.47
 143593.579   988.568   117.36   68.64
 143968.953  1021.592    87.98   72.53
 144344.339  1055.647    90.73   67.00
 144719.734  1046.518   -24.32   66.12
 145095.141  1033.918   -33.57   61.59
 145470.558  1008.837   -66.82   64.11
 145845.985   963.318  -121.26   84.02
 146221.423   887.779  -201.22  122.74
 146596.872   792.184  -254.64  131.54
 146972.331   717.543  -198.82   94.66
 147347.800   684.143   -88.96   73.64
 147723.281   666.959   -45.77   64.65
 148098.771   683.493    44.04   70.22
 148474.273   715.618    85.56   73.41
 148849.785   757.095   110.46   69.72
 149225.307   807.818   135.09   49.18
 149600.840   818.243    27.76   63.06
 149976.384   810.893   -19.57   80.93
 150351.938   818.443    20.11   88.22
 150727.503   850.158    84.45  114.82
 151103.078   944.211   250.45  129.97
 151478.665  1036.389   245.45  102.88
 151854.261  1075.763   104.84   94.10
 152229.868  1070.825   -13.15  112.28
 152605.486  1014.768  -149.25  133.61
 152981.115   915.499  -264.30  140.47
 153356.754   831.726  -223.04  110.57
 153732.403   789.543  -112.30   82.09
 154108.064   795.318    15.37   79.95
 154483.734   838.300   114.42   91.88
 154859.416   884.300   122.46   77.59
 155235.108   909.209    66.31   62.20
 155610.811   886.953   -59.25   74.64
 155986.524   841.443  -121.14   86.42
 156362.248   825.154   -43.36   68.64
 156737.983   834.943    26.06   70.93
 157113.728   861.393    70.40   87.83
 157489.484   922.235   161.93  107.03
 157865.250   992.910   188.10   80.85
 158241.028  1029.018    96.10   69.01
 158616.815  1043.518    38.59   57.75
 158992.614  1053.693    27.08   55.45
 159368.423  1036.243   -46.44   68.65
 159744.243  1017.858   -48.93   68.81
 160120.073   990.203   -73.59   82.43
 160495.914   965.004   -67.05   79.62
 160871.766   956.617   -22.32   76.20
 161247.628   947.056   -25.44   88.87
 161623.501   947.693     1.70   96.27
 161999.385   930.497   -45.75  101.38
 162375.280   887.858  -113.45  109.08
 162751.185   888.032     0.46  104.23
 163127.100   934.093   122.54  127.55
 163503.027  1005.373   189.63  136.44
 163878.964  1077.685   192.37   92.49
 164254.912  1095.226    46.66   83.53
 164630.870  1067.643   -73.37   90.70
 165006.839  1000.318  -179.09  104.09
 165382.819   942.910  -152.71  133.96
 165758.810   848.642  -250.75  131.47
 166134.811   778.068  -187.71  111.03
 166510.823   731.793  -123.08   71.68
 166886.846   700.226   -83.96   66.24
 167262.879   688.718   -30.61   71.65
 167638.923   674.235   -38.52   74.43
 168014.978   658.943   -40.67   57.86
 168391.043   681.568    60.17   67.89
 168767.120   732.568   135.63   58.11
 169143.207   781.868   131.10   75.96
 169519.304   806.218    64.75   80.30
 169895.413   813.993    20.67   94.26
 170271.532   822.983    23.90   99.71
 170647.662   846.147    61.59  104.29
 171023.802   859.666    35.94  100.28
 171399.953   878.184    49.24   83.54
 171776.115   845.545   -86.78   96.04
 172152.288   826.093   -51.71   87.67
 172528.472   828.068     5.25   80.86
 172904.666   862.949    92.73   86.83
 173280.871   920.174   152.13   74.11
 173657.087   966.642   123.53   74.14
 174033.313  1027.668   162.23   82.71
 174409.551  1094.837   178.55   98.85
 174785.799  1184.150   237.41  108.35
 175162.058  1258.884   198.65   80.87
 175538.327  1296.868   100.96   53.32
 175914.608  1315.178    48.67   53.47
 176290.899  1309.446   -15.23   66.78
 176667.201  1280.422   -77.14   72.99
 177043.513  1246.902   -89.09   70.87
 177419.837  1197.518  -131.24   79.39
 177796.171  1114.332  -221.07   97.68
 178172.516  1029.218  -226.18  115.11
 178548.872   954.825  -197.69   93.38
 178925.238   913.318  -110.29   65.54
 179301.616   931.543    48.43   90.96
 179678.004  1009.279   206.55  136.42
 180054.403  1123.368   303.14  143.20
 180430.813  1217.268   249.49   91.50
 180807.233  1263.918   123.95   36.11
 181183.665  1276.203    32.64   15.35
 181560.107  1269.174   -18.67   20.17
 181936.560  1253.568   -41.46   20.11
 182313.024  1230.081   -62.40   34.09
 182689.498  1184.493  -121.11   60.63
 183065.984  1132.893  -137.07   84.57
 183442.480  1077.968  -145.90  107.27
 183818.987   988.878  -236.65  129.53
 184195.505   921.389  -179.27  121.33
 184572.034   870.227  -135.89   98.21
 184948.574   824.209  -122.23   63.65
 185325.124   811.168   -34.64   48.56
 185701.685   795.033   -42.85   44.98
 186078.258   787.595   -19.76   45.12
 186454.841   787.818     0.59   46.77
 186831.434   775.643   -32.33   54.87
 187208.039   763.495   -32.26   57.24
 187584.655   748.384   -40.13   55.05
 187961.281   727.865   -54.49   44.98
