# NaN NaN NaN ;Mean Elev.(m), Avg Gradient(m/km), RMS Gradient(m/km) - SRTM1     
#   42.705   1.092   6.701 ;Mean Elev.(m), Avg Gradient(m/km), RMS Gradient(m/km) - ASTER GDEM
#   47.474  -1.476   7.161 ;Mean Elev.(m), Avg Gradient(m/km), RMS Gradient(m/km) - GMTED2010 
  6 105.965996  13.785352    49.931    49.897  4 52438.12821216 42.069
  7 105.969722  13.781695    53.314    53.289  4 52473.12821282 35.708
  8 105.973485  13.778722    55.916    55.921  4 52508.12818373 34.983
  9 105.980696  13.770825    54.268    54.268  3 52543.12816948 35.453
 10 105.970470  13.780686    45.297    45.322  4 52578.12821841 43.738
 11 105.970047  13.779998    47.393    47.412  4 52613.12818357 44.316
 12 105.975242  13.776423    46.342    46.311  3 52648.12816674 43.778
 13 105.979138  13.774848    45.110    45.089  3 52683.12814199 39.597
 14 105.971522  13.779261    44.794    44.796  5 52718.12819821 45.725
 15 105.964637  13.796697    45.500    45.443  3 52753.12821986 43.788
 16 105.973906  13.777868    46.427    46.447  3 52788.12816893 45.639
 17 105.974772  13.777434    48.503    48.467  4 52823.12824071 39.348
 18 105.976515  13.775057    50.026    49.994  3 52858.12828778 38.720
 19 105.970470  13.780302    53.804    53.839  4 52893.12831871 37.434
 20 105.969945  13.781985    49.315    49.302  4 52928.12826950 42.496
 21 105.979779  13.774796    46.488    46.538  3 52963.12824782 44.270
 22 105.969542  13.781019    45.174    45.197  4 52998.12828607 49.211
 23 105.970416  13.780333    44.398    44.371  4 53033.12824129 44.951
 24 105.975431  13.777042    43.454    43.414  3 53068.12825500 42.828
 25 105.969339  13.781195    43.520    43.560  4 53103.12824318 43.801
 26 105.977041  13.776292    45.310    45.287  3 53138.12825848 45.486
 27 105.972265  13.779094    48.504    48.485  4 53173.12830174 44.254
 28 105.971493  13.779739    50.298    50.274  4 53208.12831732 39.093
 29 105.974786  13.776526    53.676    53.653  4 53243.12828536 33.101
 30 105.974426  13.776988    51.735    51.741  4 53278.12826118 34.272
 31 105.971845  13.779217    47.589    47.622  5 53313.12829130 40.920
 32 105.974636  13.776548    46.065    46.052  4 53348.12825749 45.284
 33 105.975459  13.777205    44.974    44.980  3 53383.12822517 46.379
 34 105.979668  13.772513    44.288    44.228  3 53418.12823740 47.928
 35 105.977190  13.776467    43.638    43.623  3 53453.12823946 43.245
 36 105.967426  13.785033    45.132    45.143  4 53488.12832305 47.073
 37 105.976145  13.777783    45.433    45.290  3 53523.12831333 45.921
 38 105.967214  13.784300    51.423    51.462  3 53558.12833849 40.314
 39 105.978500  13.773713    54.384    54.337  3 53593.12827736 37.215
 40 105.969823  13.781792    53.401    53.423  4 53628.12826723 33.991
 41 105.970730  13.778736    49.692    49.671  4 53663.12829275 40.578
 42 105.973061  13.776617    47.565    47.548  4 53698.12825556 43.103
 43 105.975923  13.776712    45.960    45.952  3 53733.12817792 42.524
 44 105.978687  13.772980    44.708    44.707  3 53768.12815760 45.458
 45 105.976439  13.777899    44.042    44.062  3 53803.12815487 47.240
 46 105.974164  13.777578    43.788    43.749  3 53838.12816977 44.178
 47 105.974273  13.777672    45.079    45.100  4 53873.12821966 45.422
 48 105.969938  13.780556    47.125    47.116  4 53908.12826127 47.087
 49 105.965845  13.787039    52.923    52.902  3 53943.12828542 40.132
 50 105.970494  13.779926    54.097    54.114  5 53978.12823853 35.848
 51 105.976548  13.776612    52.316    52.273  3 54013.12824806 38.446
 52 105.979695  13.775066    48.238    48.226  3 54048.12825756 43.414
 54 105.971986  13.778207    44.990    45.000  4 54118.12817970 45.842
 55 105.972275  13.778117    44.287    44.321  4 54153.12820350 45.435
 57 105.972791  13.777547    44.869    44.882  4 54223.12821299 45.995
 58 105.973381  13.776813    47.028    47.010  4 54258.12823500 45.619
 59 105.974629  13.777471    48.846    48.759  4 54293.12823799 41.450
 60 105.974935  13.776939    52.209    52.179  3 54328.12823316 38.628
 61 105.972690  13.779309    52.978    52.957  4 54363.12818100 37.001
 62 105.975579  13.777176    50.332    50.353  3 54398.12817309 33.594
 63 105.974435  13.778454    47.614    47.595  4 54433.12813092 44.095
 64 105.976265  13.775794    45.325    45.288  3 54468.12815568 42.426
 66 105.974929  13.777214    43.856    43.811  4 54538.12817090 45.857
 67 105.973988  13.779233    44.745    44.756  4 54573.12814754 46.361
 68 105.973607  13.777554    47.110    47.134  4 54608.12816392 45.273
 69 105.973122  13.778868    50.703    50.666  4 54643.12817237 38.475
 70 105.972959  13.779622    52.412    52.438  4 54678.12817370 36.885
 71 105.974382  13.778524    51.933    51.925  4 54713.12812702 37.383
 72 105.973298  13.777817    51.189    51.206  4 54748.12814365 34.554
 73 105.973947  13.776540    49.848    49.815  4 54783.12811474 39.748
 74 105.974507  13.777566    46.919    46.904  4 54818.12813580 40.483
 75 105.974046  13.777967    45.569    45.527  3 54853.12811156 45.508
 76 105.972454  13.779373    44.633    44.630  4 54888.12814063 44.548
 77 105.970963  13.780151    44.393    44.426  5 54923.12811097 45.313
 78 105.972970  13.777138    44.822    44.826  4 54958.12813706 46.991
 79 105.971412  13.779896    48.200    48.204  4 54993.12815963 43.300
 80 105.973880  13.779189    52.268    52.262  4 55028.12814994 37.531
 81 105.974187  13.778266    52.186    52.165  4 55063.12814204 37.041
 82 105.971257  13.778990    50.582    50.571  5 55098.12808904 38.501
 83 105.973733  13.778285    48.438    48.408  4 55133.12808641 42.647
 84 105.974570  13.777138    45.689    45.659  4 55168.12805148 42.887
 85 105.973666  13.778650    44.995    44.994  4 55203.12807866 46.897
 86 105.972212  13.778627    44.563    44.568  4 55238.12805941 48.412
 87 105.973300  13.778078    42.880    42.682  4 55273.12807236 38.923
 88 105.973149  13.776854    43.923    43.945  4 55308.12804152 44.247
 89 105.974574  13.777007    45.015    45.035  4 55343.12804187 44.950
 90 105.973771  13.778916    46.211    46.234  4 55378.12803584 45.431
 91 105.974965  13.778177    50.034    49.968  4 55413.12805992 37.525
 92 105.974467  13.778455    52.609    52.624  4 55448.12804960 37.430
 93 105.973465  13.779346    50.535    50.477  4 55483.12797833 38.702
