# NaN NaN NaN ;Mean Elev.(m), Avg Gradient(m/km), RMS Gradient(m/km) - SRTM1     
#  183.453  -9.027  20.573 ;Mean Elev.(m), Avg Gradient(m/km), RMS Gradient(m/km) - ASTER GDEM
#  187.964  -8.368  21.174 ;Mean Elev.(m), Avg Gradient(m/km), RMS Gradient(m/km) - GMTED2010 
  8   194.898 52501.14132461 36.82 101.942967  18.088986  8.677
  8   194.595 52501.14132526 37.05 101.942197  18.085686  8.677
  9   192.676 52536.14131004 31.27 101.946822  18.095471  7.289
  9   192.346 52536.14131068 31.72 101.946042  18.092171  7.289
  9   192.642 52536.14131133 31.53 101.945262  18.088871  7.289
  9   192.728 52536.14131197 33.30 101.944482  18.085571  7.289
  9   192.842 52536.14131262 36.35 101.943702  18.082271  7.289
 10   190.802 52571.14134511 33.25 101.944327  18.092089  7.039
 10   190.049 52571.14134575 35.59 101.943547  18.088789  7.039
 13   187.871 52676.14129361 38.80 101.945567  18.092621 10.151
 13   188.074 52676.14129426 35.97 101.944787  18.089321 10.151
 13   188.176 52676.14129490 37.57 101.944007  18.086021 10.151
 14   188.747 52711.14131893 34.95 101.945345  18.093378 17.830
 14   187.871 52711.14131957 32.02 101.944565  18.090078 17.830
 14   187.245 52711.14132022 30.73 101.943795  18.086778 17.830
 14   188.293 52711.14132086 32.28 101.943015  18.083478 17.830
 14   189.803 52711.14132151 28.62 101.942235  18.080178 17.830
 16   187.598 52781.14128416 35.76 101.945833  18.093071  8.766
 16   186.891 52781.14128480 34.21 101.945053  18.089771  8.766
 16   187.233 52781.14128545 35.37 101.944273  18.086471  8.766
 16   184.943 52781.14128609 37.85 101.943493  18.083171  8.766
 17   190.861 52816.14136547 33.11 101.944218  18.091634 10.474
 17   190.588 52816.14136611 37.60 101.943438  18.088334 10.474
 17   190.739 52816.14136676 38.05 101.942668  18.085034 10.474
 18   191.710 52851.14141607 34.50 101.947644  18.095413  8.598
 18   191.852 52851.14141672 33.81 101.946864  18.092113  8.598
 18   192.059 52851.14141736 33.62 101.946084  18.088813  8.598
 18   191.839 52851.14141801 34.13 101.945304  18.085513  8.598
 19   192.917 52886.14145268 34.22 101.939900  18.086130  9.758
 19   192.745 52886.14145332 36.48 101.939120  18.082830  9.758
 20   191.180 52921.14140740 27.95 101.943616  18.090741 11.510
 20   191.521 52921.14140805 29.26 101.942836  18.087441 11.510
 20   191.751 52921.14140869 31.37 101.942056  18.084141 11.510
 21   190.823 52956.14136843 37.52 101.956171  18.108147 12.783
 21   190.928 52956.14136907 34.11 101.955391  18.104847 12.783
 21   190.977 52956.14136972 34.72 101.954611  18.101547 12.783
 21   190.705 52956.14137036 39.19 101.953830  18.098245 16.659
 21   190.106 52956.14137101 40.51 101.953050  18.094945 16.659
 21   191.061 52956.14137165 39.76 101.952270  18.091645 16.659
 23   186.289 53026.14135094 33.88 101.957094  18.109847  9.212
 23   183.292 53026.14135158 36.19 101.956314  18.106547  9.212
 24   185.745 53061.14136133 30.49 101.957137  18.108109  5.832
 24   183.440 53061.14136198 27.73 101.956360  18.104807  8.061
 24   186.521 53061.14136262 29.33 101.955580  18.101507  8.061
 25   187.397 53096.14139552 34.30 101.935239  18.082715 19.243
 25   187.271 53096.14139617 26.38 101.934459  18.079415 19.243
 25   188.791 53096.14139681 23.54 101.933679  18.076115 19.243
 25   188.267 53096.14139746 29.75 101.932899  18.072815 19.243
 25   188.870 53096.14139810 39.42 101.932129  18.069515 19.243
 25   190.197 53096.14139875 40.34 101.931349  18.066215 19.243
 25   189.369 53096.14139939 31.43 101.930569  18.062915 19.243
 26   206.304 53131.14136237  9.82 101.957876  18.108683  3.791
 26   206.475 53131.14136301  9.85 101.957096  18.105383  3.791
 26   207.437 53131.14136366 11.37 101.956316  18.102083  3.791
 26   186.140 53131.14136495 33.76 101.954756  18.095483  3.791
 26   186.367 53131.14136559 34.46 101.953978  18.092178  6.543
 28   193.524 53201.14144115 31.97 101.945029  18.092815 16.436
 28   193.523 53201.14144179 35.49 101.944249  18.089515 16.436
 28   193.724 53201.14144244 37.22 101.943469  18.086215 16.436
 28   193.586 53201.14144308 38.17 101.942689  18.082915 16.436
 28   193.691 53201.14144373 38.20 101.941919  18.079615 16.436
 29   213.108 53236.14140770 12.00 101.955294  18.106590  3.417
 29   193.382 53236.14140899 33.51 101.953742  18.099985  7.538
 29   193.240 53236.14140964 38.65 101.952962  18.096685  7.538
 29   192.983 53236.14141028 39.53 101.952182  18.093385  7.538
 29   193.553 53236.14141093 35.74 101.951402  18.090085  7.538
 30   252.665 53271.14136871  5.53 101.951412  18.100575 12.643
 30   253.304 53271.14136935  5.33 101.950632  18.097275 12.643
 31   191.538 53306.14143584 27.72 101.938061  18.084689  8.029
 31   191.729 53306.14143649 30.04 101.937281  18.081389  8.029
 32   189.672 53341.14140264 48.33 101.943076  18.089130  9.505
 32   187.365 53341.14140328 44.38 101.942296  18.085830  9.505
 33   189.189 53376.14133178 39.74 101.946896  18.093794 19.850
 33   188.954 53376.14133243 37.61 101.946126  18.090494 19.850
 33   189.905 53376.14133307 35.83 101.945346  18.087194 19.850
 33   188.065 53376.14133372 38.44 101.944566  18.083894 19.850
 34   188.187 53411.14137542 34.84 101.950702  18.099197  7.150
 34   188.440 53411.14137607 34.41 101.949926  18.095894 11.891
 34   186.414 53411.14137671 35.39 101.949146  18.092594 11.891
 34   186.750 53411.14137736 31.76 101.948366  18.089294 11.891
 35   184.727 53446.14135962 36.84 101.942682  18.088552 12.077
 35   186.582 53446.14136027 29.35 101.941902  18.085252 12.077
 37   188.201 53516.14144684 35.49 101.946163  18.094899 11.740
 37   186.389 53516.14144748 39.19 101.945383  18.091599 11.740
 37   187.987 53516.14144813 33.94 101.944603  18.088299 11.740
 37   188.659 53516.14144877 33.29 101.943823  18.084999 11.740
 37   188.377 53516.14144942 32.46 101.943043  18.081699 11.740
 38   191.221 53551.14146960 35.55 101.936973  18.083583 10.771
 38   191.745 53551.14147025 36.07 101.936193  18.080283 10.771
 38   191.336 53551.14147089 40.44 101.935423  18.076983 10.771
 38   191.755 53551.14147154 39.30 101.934643  18.073683 10.771
 39   193.051 53586.14142427 36.84 101.948049  18.095312  5.880
 39   193.603 53586.14142491 35.67 101.947278  18.092008  7.357
 39   193.898 53586.14142555 37.13 101.946498  18.088708  7.357
 39   193.986 53586.14142620 38.11 101.945718  18.085408  7.357
 40   193.302 53621.14138732 33.92 101.939963  18.086257  8.095
 40   193.956 53621.14138797 33.12 101.939183  18.082957  8.095
 40   194.145 53621.14138861 36.16 101.938403  18.079657  8.095
 40   194.015 53621.14138926 38.30 101.937623  18.076357  8.095
 41   191.399 53656.14141454 31.29 101.945075  18.093055  8.090
 41   191.914 53656.14141519 32.24 101.944295  18.089755  8.090
 41   191.699 53656.14141583 33.63 101.943515  18.086455  8.090
 41   192.073 53656.14141648 34.44 101.942745  18.083155  8.090
 42   191.392 53691.14140471 34.54 101.941875  18.088951 16.324
 42   191.573 53691.14140535 34.14 101.941095  18.085651 16.324
 42   192.324 53691.14140600 33.60 101.940315  18.082351 16.324
 42   192.819 53691.14140664 37.16 101.939535  18.079051 16.324
 42   192.202 53691.14140729 39.22 101.938755  18.075751 16.324
 43   189.354 53726.14132760 41.82 101.945877  18.093136 18.027
 43   189.414 53726.14132825 42.47 101.945097  18.089836 18.027
 43   189.329 53726.14132889 39.68 101.944327  18.086536 18.027
 43   190.418 53726.14132954 42.32 101.943547  18.083236 18.027
 44   186.193 53761.14127380 36.68 101.958269  18.108077  6.546
 44   186.395 53761.14127445 33.47 101.957489  18.104777  6.546
 44   186.959 53761.14127509 33.40 101.956708  18.101474  7.870
 44   185.407 53761.14127574 37.32 101.955928  18.098174  7.870
 45   189.549 53796.14129103 36.25 101.949047  18.097094 16.325
 45   187.121 53796.14129167 34.12 101.948267  18.093794 16.325
 45   186.845 53796.14129232 35.21 101.947487  18.090494 16.325
 45   185.803 53796.14129296 32.76 101.946707  18.087194 16.325
 47   186.630 53866.14134959 37.62 101.943487  18.090043  6.348
 47   187.111 53866.14135024 33.34 101.942707  18.086743  6.348
 47   187.303 53866.14135088 32.33 101.941929  18.083439  8.228
 47   188.394 53866.14135153 31.64 101.941149  18.080139  8.228
 49   192.408 53936.14142037 35.38 101.932233  18.079040 11.515
 49   192.178 53936.14142102 37.72 101.931453  18.075740 11.515
 50   194.500 53971.14138610 37.52 101.938447  18.085431  7.141
 50   194.799 53971.14138674 38.93 101.937667  18.082131  7.141
 50   194.726 53971.14138739 38.80 101.936888  18.078827  9.051
 52   208.873 54041.14139336 23.38 101.950360  18.091739  6.421
 52   209.772 54041.14139400 30.90 101.949580  18.088439  6.421
 53   188.955 54076.14138764 44.87 101.945412  18.092921  6.320
 53   189.429 54076.14138829 43.61 101.944632  18.089621  6.320
 53   189.058 54076.14138893 39.45 101.943852  18.086321  6.320
 54   187.740 54111.14133035 33.24 101.941007  18.087065  6.662
 54   187.144 54111.14133099 32.46 101.940227  18.083765  6.662
 54   187.658 54111.14133164 34.17 101.939457  18.080465  6.662
 55   186.763 54146.14132776 35.24 101.946739  18.094422  7.781
 55   187.332 54146.14132841 36.41 101.945959  18.091122  7.781
 55   185.339 54146.14132905 34.41 101.945179  18.087822  7.781
 55   186.606 54146.14132970 31.12 101.944401  18.084520  7.586
 56   183.861 54181.14131675 41.36 101.942287  18.089649 10.990
 56   187.415 54181.14131740 28.91 101.941517  18.086349 10.990
 56   187.230 54181.14131804 25.77 101.940737  18.083049 10.990
 57   188.131 54216.14133574 35.93 101.945783  18.094010 16.958
 57   188.914 54216.14133638 37.18 101.945003  18.090710 16.958
 57   187.347 54216.14133703 34.95 101.944223  18.087410 16.958
 57   188.470 54216.14133767 31.28 101.943443  18.084110 16.958
 57   188.566 54216.14133831 30.74 101.942663  18.080810 16.958
 58   190.008 54251.14136244 39.21 101.945263  18.092923  9.800
 58   189.857 54251.14136309 41.57 101.944483  18.089623  9.800
 58   188.593 54251.14136373 41.60 101.943703  18.086323  9.800
 58   190.739 54251.14136438 40.90 101.942923  18.083023  9.800
 58   190.196 54251.14136502 39.28 101.942143  18.079723  9.800
 59   190.109 54286.14136858 37.67 101.947091  18.094458  8.579
 59   189.754 54286.14136922 37.38 101.946311  18.091158  8.579
 59   190.355 54286.14136987 35.24 101.945531  18.087858  8.579
 59   190.030 54286.14137051 35.22 101.944751  18.084558  8.579
 60   193.750 54321.14136501 34.75 101.948021  18.096797  5.224
 60   193.995 54321.14136566 34.26 101.947247  18.093493  7.642
 60   194.149 54321.14136630 33.88 101.946467  18.090193  7.642
 60   194.234 54321.14136695 33.59 101.945687  18.086893  7.642
 60   194.079 54321.14136759 33.94 101.944907  18.083593  7.642
 61   193.563 54356.14132660 34.89 101.945071  18.092638  4.649
 61   193.981 54356.14132725 34.41 101.944293  18.089333  7.765
 61   194.264 54356.14132789 35.80 101.943513  18.086033  7.765
 61   194.633 54356.14132854 35.35 101.942743  18.082733  7.765
 61   194.503 54356.14132918 37.16 101.941963  18.079433  7.765
 62   192.256 54391.14130631 33.25 101.947073  18.094393  5.432
 62   192.168 54391.14130696 34.63 101.946293  18.091093  5.432
 62   192.798 54391.14130760 34.61 101.945513  18.087793  5.432
 62   192.662 54391.14130825 36.16 101.944739  18.084490  6.602
 63   190.304 54426.14127648 35.84 101.946180  18.094851  6.398
 63   190.380 54426.14127712 38.65 101.945400  18.091551  6.398
 63   190.065 54426.14127777 40.71 101.944620  18.088251  6.398
 64   188.725 54461.14128219 43.91 101.949182  18.098722 16.255
 64   187.670 54461.14128283 42.47 101.948402  18.095422 16.255
 64   190.526 54461.14128348 38.76 101.947622  18.092122 16.255
 64   188.108 54461.14128412 39.00 101.946842  18.088822 16.255
 64   189.359 54461.14128477 32.71 101.946064  18.085519 14.665
 65   186.877 54496.14128342 36.89 101.946331  18.093852  8.867
 65   186.744 54496.14128406 34.84 101.945551  18.090552  8.867
 65   186.765 54496.14128471 33.85 101.944771  18.087252  8.867
 65   187.978 54496.14128535 32.82 101.944001  18.083952  8.867
 66   185.672 54531.14129496 33.41 101.950123  18.099839  7.289
 66   186.513 54531.14129561 37.74 101.949343  18.096539  7.289
 66   184.661 54531.14129625 39.57 101.948563  18.093239  7.289
 66   186.336 54531.14129690 32.39 101.947783  18.089939  7.289
 66   185.649 54531.14129754 30.89 101.947013  18.086639  7.289
 67   185.504 54566.14128961 37.62 101.943554  18.089823  6.985
 67   187.526 54566.14129025 30.43 101.942784  18.086523  6.985
 67   188.151 54566.14129090 30.16 101.942004  18.083223  6.985
 67   188.415 54566.14129154 30.38 101.941224  18.079923  6.985
 69   191.196 54636.14130459 37.88 101.943407  18.088843  7.457
 69   191.549 54636.14130523 39.67 101.942627  18.085543  7.457
 69   191.270 54636.14130588 41.04 101.941847  18.082243  7.457
 69   192.784 54636.14130652 36.86 101.941067  18.078943  7.457
 70   193.817 54671.14130744 39.28 101.944330  18.092825  6.105
 70   194.347 54671.14130808 37.65 101.943550  18.089525  6.105
 70   194.546 54671.14130873 37.84 101.942780  18.086225  6.105
 70   194.749 54671.14130937 35.81 101.942000  18.082925  6.105
 70   194.771 54671.14131002 36.82 101.941220  18.079625  6.105
 71   193.573 54706.14126810 35.96 101.946704  18.094459  7.969
 71   193.921 54706.14126875 35.50 101.945924  18.091159  7.969
 71   194.274 54706.14126939 36.93 101.945144  18.087859  7.969
 71   194.086 54706.14127004 36.45 101.944374  18.084559  7.969
 72   193.045 54741.14127183 33.37 101.946584  18.092200  6.495
 72   192.960 54741.14127247 36.71 101.945814  18.088900  6.495
 72   193.279 54741.14127312 36.31 101.945034  18.085600  6.495
 72   194.088 54741.14127376 38.93 101.944254  18.082300  6.495
 73   192.423 54776.14124939 30.40 101.947323  18.096571  7.042
 73   192.367 54776.14125004 33.55 101.946543  18.093271  7.042
 73   192.835 54776.14125068 33.46 101.945773  18.089971  7.042
 73   193.514 54776.14125133 33.13 101.944993  18.086671  7.042
 73   193.203 54776.14125197 34.64 101.944213  18.083371  7.042
 74   188.177 54811.14126437 41.95 101.947971  18.095521  8.647
 74   186.299 54811.14126501 43.11 101.947191  18.092221  8.647
 74   189.961 54811.14126566 37.05 101.946411  18.088921  8.647
 74   190.548 54811.14126630 36.57 101.945641  18.085621  8.647
 75   187.415 54846.14124969 45.35 101.944831  18.092238  8.556
 75   188.075 54846.14125034 43.29 101.944051  18.088938  8.556
 75   188.931 54846.14125098 40.95 101.943281  18.085638  8.556
 75   189.027 54846.14125163 40.04 101.942501  18.082338  8.556
 75   188.880 54846.14125227 39.00 101.941721  18.079038  8.556
 76   187.687 54881.14126870 40.24 101.945097  18.092622  7.473
 76   185.355 54881.14126934 36.67 101.944317  18.089322  7.473
 76   187.534 54881.14126998 29.74 101.943537  18.086022  7.473
 76   188.236 54881.14127063 33.08 101.942757  18.082722  7.473
 77   187.240 54916.14125353 40.46 101.941301  18.089571  8.155
 77   184.542 54916.14125417 40.61 101.940521  18.086271  8.155
 77   187.715 54916.14125482 27.49 101.939741  18.082971  8.155
 77   188.065 54916.14125546 28.02 101.938961  18.079671  8.155
 77   188.102 54916.14125611 43.61 101.938181  18.076371  8.155
 78   189.299 54951.14126093 37.17 101.945316  18.093957 17.199
 78   186.021 54951.14126158 39.18 101.944536  18.090657 17.199
 78   188.832 54951.14126222 31.28 101.943756  18.087357 17.199
 78   188.277 54951.14126286 32.81 101.942976  18.084057 17.199
 78   188.724 54951.14126351 33.07 101.942206  18.080757 17.199
 79   189.397 54986.14128644 41.38 101.943495  18.091745  7.561
 79   189.199 54986.14128708 42.93 101.942715  18.088445  7.561
 79   189.835 54986.14128772 39.13 101.941945  18.085145  7.561
 79   189.899 54986.14128837 39.34 101.941165  18.081845  7.561
 80   195.096 55021.14127855 36.35 101.947715  18.095635 17.668
 80   195.069 55021.14127920 36.60 101.946935  18.092335 17.668
 80   194.957 55021.14127984 37.70 101.946165  18.089035 17.668
 80   195.631 55021.14128049 38.66 101.945385  18.085735 17.668
 81   192.918 55056.14127572 33.72 101.946371  18.093712  8.090
 81   193.130 55056.14127636 34.47 101.945591  18.090412  8.090
 81   192.870 55056.14127701 36.78 101.944811  18.087112  8.090
 81   193.150 55056.14127765 37.37 101.944041  18.083812  8.090
 82   194.169 55091.14123452 30.22 101.943292  18.091244 15.191
 82   194.177 55091.14123517 31.90 101.942512  18.087944 15.191
 82   194.378 55091.14123581 31.05 101.941742  18.084644 15.191
 82   194.306 55091.14123646 32.14 101.940962  18.081344 15.191
 82   194.647 55091.14123710 33.56 101.940182  18.078044 15.191
 83   190.380 55126.14121502 38.17 101.947054  18.094482  8.019
 83   190.222 55126.14121567 38.85 101.946284  18.091182  8.019
 83   190.865 55126.14121631 38.97 101.945504  18.087882  8.019
 83   190.771 55126.14121696 41.01 101.944724  18.084582  8.019
 85   183.437 55196.14120509 47.75 101.947512  18.095851 10.350
 85   186.922 55196.14120573 37.43 101.946732  18.092551 10.350
 85   186.592 55196.14120638 42.94 101.945952  18.089251 10.350
 85   187.638 55196.14120702 41.03 101.945182  18.085951 10.350
 85   186.102 55196.14120767 42.35 101.944402  18.082651 10.350
 86   189.035 55231.14119930 43.03 101.943001  18.091234 18.696
 86   189.047 55231.14119994 38.60 101.942221  18.087934 18.696
 86   188.417 55231.14120059 29.07 101.941441  18.084634 18.696
 86   188.644 55231.14120123 30.35 101.940661  18.081334 18.696
 86   189.328 55231.14120187 34.88 101.939881  18.078034 18.696
 87   186.478 55266.14120048 35.31 101.946900  18.094109  7.294
 87   186.760 55266.14120112 31.68 101.946120  18.090809  7.294
 87   185.185 55266.14120177 31.42 101.945350  18.087509  7.294
 87   186.454 55266.14120241 30.69 101.944570  18.084209  7.294
 88   187.164 55301.14117953 37.64 101.945397  18.093337  9.448
 88   183.066 55301.14118017 38.75 101.944617  18.090037  9.448
 88   184.020 55301.14118082 33.01 101.943837  18.086737  9.448
 88   186.541 55301.14118146 28.92 101.943067  18.083437  9.448
 89   186.227 55336.14117644 33.10 101.944691  18.091567  7.397
 89   186.274 55336.14117708 31.59 101.943921  18.088267  7.397
 89   186.046 55336.14117773 31.40 101.943141  18.084967  7.397
 90   187.862 55371.14116594 40.07 101.947171  18.096243  8.995
 90   188.093 55371.14116659 40.31 101.946391  18.092943  8.995
 90   188.460 55371.14116723 41.11 101.945621  18.089643  8.995
 90   188.268 55371.14116788 42.39 101.944841  18.086343  8.995
 90   187.764 55371.14116852 46.38 101.944061  18.083043  8.995
 91   192.195 55406.14118398 35.77 101.949471  18.099073  8.221
 91   192.608 55406.14118462 35.99 101.948691  18.095773  8.221
 91   192.496 55406.14118526 37.54 101.947911  18.092473  8.221
 91   193.074 55406.14118591 37.82 101.947131  18.089173  8.221
 91   191.864 55406.14118655 41.87 101.946351  18.085873  8.221
 92   214.248 55441.14118498 14.50 101.946481  18.094143  5.861
 92   193.374 55441.14118691 41.29 101.944151  18.084243  5.861
 93   193.035 55476.14112853 32.26 101.945320  18.093475 15.324
 93   193.205 55476.14112918 32.48 101.944540  18.090175 15.324
 93   193.205 55476.14112982 35.42 101.943770  18.086875 15.324
 93   193.450 55476.14113047 35.74 101.942990  18.083575 15.324
 93   192.894 55476.14113111 34.97 101.942210  18.080275 15.324
