-215805.475  1187.878     0.00   47.29
-215430.446  1168.915   -50.57   59.90
-215055.427  1146.933   -58.63   75.39
-214680.417  1088.944  -154.65  120.37
-214305.416  1008.174  -215.41  129.39
-213930.425   920.278  -234.43  115.86
-213555.444   868.428  -138.29  116.96
-213180.472   834.228   -91.22  115.43
-212803.685   836.153     5.11  121.02
-212426.817   888.142   137.97  140.19
-212049.958   929.578   109.97  134.87
-211673.109   970.343   108.19  113.41
-211296.270   986.138    41.92  102.96
-210919.440   950.420   -94.80  103.98
-210542.620   908.881  -110.25   81.23
-210165.809   881.403   -72.93   76.21
-209789.008   854.856   -70.46   77.15
-209412.217   851.625    -8.58   79.19
-209035.435   822.485   -77.35   84.05
-208658.663   771.645  -134.95   77.96
-208281.901   724.143  -126.09   74.87
-207905.148   674.240  -132.47   61.59
-207528.404   639.428   -92.41   61.62
-207151.671   597.574  -111.11   55.97
-206774.946   562.804   -92.31   48.96
-206398.232   543.967   -50.01   47.06
-206021.527   521.984   -58.36   38.11
-205644.832   510.228   -31.21   30.75
-205268.146   507.958    -6.03   23.10
-204891.470   508.578     1.65   29.33
-204514.803   507.509    -2.84   29.00
-204138.146   504.279    -8.58   25.86
-203761.499   503.803    -1.26   26.34
-203384.861   510.651    18.18   30.12
-203008.232   520.387    25.86   33.62
-202631.614   531.903    30.58   31.81
-202255.005   533.779     4.98   28.82
-201878.405   527.061   -17.84   31.76
-201501.815   526.403    -1.75   33.34
-201125.234   529.907     9.31   38.63
-200748.664   544.445    38.61   39.86
-200372.102   565.128    54.93   36.25
-199995.550   574.574    25.09   32.00
-199619.008   562.942   -30.89   32.29
-199242.475   536.028   -71.49   37.03
-198865.952   512.973   -61.24   32.47
-198489.439   496.933   -42.61   26.88
-198112.934   494.678    -5.99   30.86
-197736.440   503.095    22.36   43.24
-197359.955   513.899    28.70   47.78
-196983.479   515.328     3.80   47.62
-196607.013   516.420     2.90   43.22
-196230.557   501.203   -40.43   27.35
-195854.110   490.215   -29.19   17.94
-195477.673   481.158   -24.06   15.08
-195101.245   473.086   -21.44   10.31
-194724.826   468.984   -10.90    7.82
-194348.418   475.907    18.39   19.31
-193972.018   492.112    43.06   33.87
-193595.628   525.899    89.78   52.34
-193219.248   568.456   113.08   52.50
-192842.877   599.412    82.26   41.68
-192466.516   623.086    62.91   16.16
-192090.164   628.933    15.54   10.73
-191713.822   630.078     3.04    8.44
-191337.489   629.516    -1.49    7.36
-190961.166   627.317    -5.84    6.69
-190584.852   624.907    -6.41    6.54
-190208.547   622.343    -6.81    7.13
-189832.253   618.777    -9.48    7.45
-189455.967   615.753    -8.04    7.77
-189079.691   622.953    19.14   22.85
-188703.425   654.497    83.84   63.81
-188327.168   705.078   134.45   84.19
-187950.920   754.228   130.65   80.73
-187574.682   787.189    87.62   52.44
-187198.454   776.539   -28.31   56.66
-186822.235   755.625   -55.60   68.94
-186446.025   722.216   -88.81   64.70
-186069.825   688.937   -88.47   57.24
-185693.634   661.253   -73.60   52.28
-185317.453   635.143   -69.42   47.11
-184941.281   617.595   -46.65   38.80
-184565.119   606.353   -29.89   35.85
-184188.966   600.625   -15.23   33.77
-183812.822   595.997   -12.30   31.63
-183436.688   581.478   -38.60   35.82
-183060.564   569.437   -32.02   40.24
-182684.449   540.804   -76.14   41.55
-182308.343   515.653   -66.88   34.77
-181932.247   500.881   -39.28   31.22
-181556.160   486.266   -38.87   24.16
-181180.082   476.856   -25.02   22.09
-180804.014   464.385   -33.17   22.25
-180427.956   453.975   -27.68   17.17
-180051.906   446.328   -20.34   11.45
-179675.867   444.119    -5.88   10.64
-179299.836   446.028     5.08   10.40
-178923.815   447.503     3.92   11.00
-178547.804   445.411    -5.56   11.84
-178171.802   441.491   -10.43   13.08
-177795.809   437.086   -11.72   12.13
-177419.826   436.578    -1.35   11.39
-177043.852   438.228     4.39   11.93
-176667.887   439.702     3.92   10.33
-176291.932   438.729    -2.59    7.26
-175915.987   438.856     0.34    6.80
-175540.050   439.478     1.66    7.39
-175164.123   440.394     2.44    5.47
-174788.206   439.153    -3.30    5.18
-174412.298   437.653    -3.99    4.48
-174036.399   437.948     0.78    4.70
-173660.509   437.885    -0.17    4.76
-173284.629   439.548     4.43    5.82
-172908.759   443.728    11.12    8.24
-172532.897   447.328     9.58    8.02
-172157.045   449.497     5.77    7.10
-171781.203   450.625     3.00    5.80
-171405.370   455.069    11.83   15.84
-171029.546   437.053   -47.94   47.66
-170653.731   376.851  -160.21  106.14
-170277.926   297.548  -211.04  128.79
-169902.130   197.303  -266.78  105.06
-169526.344   130.148  -178.72   43.60
-169150.567   109.631   -54.60   23.44
-168774.799   104.103   -14.71   12.34
-168399.041   105.069     2.57   14.39
-168023.291   105.378     0.82   11.52
-167647.552   102.471    -7.74    9.94
-167271.821   106.015     9.43   17.52
-166896.100   107.651     4.35   19.20
-166520.389   103.578   -10.84   21.68
-166144.686    93.628   -26.49   20.45
-165768.993    86.009   -20.28    9.92
-165393.309    99.503    35.92   45.80
-165017.635   137.114   100.13   81.38
-164641.970   209.899   193.77  106.06
-164266.314   250.292   107.53   88.82
-163890.667   246.958    -8.87   77.37
-163515.030   256.625    25.74   94.26
-163139.402   248.832   -20.75   94.79
-162763.784   257.503    23.09   92.76
-162388.175   244.881   -33.61  109.21
-162012.575   178.215  -177.51   97.61
-161636.984   118.314  -159.50   70.28
-161261.403    75.964  -112.77   27.23
-160885.831    64.241   -31.22   10.44
-160510.268    64.343     0.27   16.93
-160134.714    80.278    42.44   36.06
-159759.170   113.878    89.48   53.49
-159383.635   135.907    58.67   51.97
-159008.110   121.467   -38.46   63.09
-158632.593   102.832   -49.63   69.53
-158257.086    75.607   -72.51   62.01
-157881.588    46.574   -77.33   24.92
-157506.100    45.119    -3.87   11.20
-157130.620    48.830     9.88   13.16
-156755.150    53.471    12.36   14.78
-156379.690    58.628    13.74   15.95
-156004.238    60.779     5.73   22.65
-155628.796    62.292     4.03   25.00
-155253.363    60.445    -4.92   31.88
-154877.939    73.958    36.00   58.85
-154502.525    82.497    22.75   72.09
-154127.120    98.016    41.34   84.84
-153751.724   119.303    56.71   95.47
-153376.337   120.078     2.06   99.84
-153000.960   110.828   -24.64   91.17
-152625.591    82.753   -74.80   73.87
-152250.232    62.174   -54.83   32.19
-151874.883    66.436    11.36   32.68
-151499.542    97.702    83.31   59.95
-151124.211   154.168   150.46   91.92
-150748.889   240.279   229.45  129.84
-150373.576   336.378   256.07  138.76
-149998.272   371.875    94.59  102.00
-149622.978   383.385    30.67   97.55
-149247.693   332.653  -135.19  112.62
-148872.417   263.016  -185.58  100.79
-148497.150   228.851   -91.05  108.25
-148121.892   189.728  -104.26  106.70
-147746.644   154.990   -92.58   94.53
-147371.405   109.215  -122.00   70.58
-146996.175    75.279   -90.45   55.73
-146620.954    66.548   -23.27   51.56
-146245.743    61.858   -12.50   42.93
-145870.540    54.599   -19.35   23.43
-145495.347    50.881    -9.91   21.52
-145120.163    44.864   -16.04   14.53
-144744.988    42.078    -7.43    4.99
-144369.823    43.317     3.30    5.46
-143994.666    43.086    -0.62    5.30
-143619.519    43.009    -0.21    5.54
-143244.381    44.471     3.90    8.83
-142869.252    45.705     3.29   10.60
-142494.133    45.625    -0.21    9.48
-142119.022    45.353    -0.72    7.74
-141743.921    47.061     4.55    7.09
-141368.829    54.278    19.24   11.50
-140993.746    75.290    56.02   32.79
-140618.672    89.595    38.14   33.56
-140243.607    99.703    26.95   40.78
-139868.551   118.253    49.46   53.27
-139493.505   138.534    54.08   69.44
-139118.468   151.253    33.92   67.09
-138743.440   156.990    15.30   62.17
-138368.421   137.964   -50.74   63.12
-137993.038   127.645   -27.49   71.84
-137616.199   121.403   -16.57   77.15
-137239.370   102.953   -48.97   74.44
-136862.550    83.978   -50.36   54.80
-136485.739    65.522   -48.98   19.49
-136108.937    63.725    -4.77   10.50
-135732.144    69.328    14.87   10.61
-135355.361    72.851     9.35    8.61
-134978.587    76.497     9.68    6.91
-134601.822    82.728    16.54   11.95
-134225.066    87.881    13.68   13.30
-133848.319    87.028    -2.26   15.04
-133471.582    81.933   -13.53   16.49
-133094.854    72.028   -26.29   10.47
-132718.135    62.903   -24.22    8.30
-132341.425    57.779   -13.60    7.44
-131964.725    54.095    -9.78    4.97
-131588.034    62.779    23.06   40.66
-131211.351    73.651    28.86   45.81
-130834.679    77.353     9.83   47.50
-130458.015    73.328   -10.69   45.53
-130081.360    64.028   -24.69   40.49
-129704.715    51.336   -33.70    4.20
-129328.079    50.678    -1.75    3.71
-128951.452    50.086    -1.57    3.90
-128574.834    49.856    -0.61    3.73
-128198.225    50.292     1.16    2.50
-127821.626    53.227     7.79    5.05
-127445.036    57.353    10.96    6.74
-127068.455    61.189    10.19    6.59
-126691.883    65.215    10.69    7.01
-126315.320    70.314    13.54   11.06
-125938.766    72.186     4.97   11.25
-125562.222    78.802    17.57   13.38
-125185.686    84.779    15.87   14.58
-124809.160    91.574    18.05   12.84
-124432.643    93.266     4.49    9.03
-124056.135    91.503    -4.68    8.27
-123679.637    85.851   -15.01    7.53
-123303.147    80.964   -12.98    7.03
-122926.667    78.053    -7.73    6.55
-122550.196    76.881    -3.11    6.20
-122173.733    76.826    -0.15    6.03
-121797.280    76.485    -0.91    4.93
-121420.837    75.069    -3.76    5.39
-121044.402    75.053    -0.04    6.70
-120667.976    78.803     9.96    9.89
-120291.560    84.241    14.45   11.82
-119915.152    87.128     7.67    9.60
-119538.754    85.645    -3.94    8.76
-119162.365    80.753   -13.00    6.81
-118785.985    77.306    -9.16    5.44
-118409.614    76.253    -2.80    6.73
-118033.252    74.253    -5.31    7.57
-117656.900    71.878    -6.31    6.45
-117280.556    72.403     1.40    6.05
-116904.222    72.885     1.28    6.63
-116527.896    76.973    10.86    6.86
-116151.580    82.582    14.91    7.44
-115775.273    87.317    12.58    6.95
-115398.975    94.403    18.83    9.74
-115022.686   103.595    24.43   13.03
-114646.406   115.046    30.43   17.10
-114270.135   123.278    21.88   13.90
-113893.873   128.907    14.96   10.06
-113517.621   128.678    -0.61   10.54
-113141.377   124.804   -10.30   10.88
-112765.143   117.509   -19.39   11.03
-112388.917   109.267   -21.91   10.32
-112012.701   102.412   -18.22   10.21
-111636.493    96.933   -14.56    9.63
-111260.295    91.266   -15.06    9.72
-110884.106    84.753   -17.31   10.67
-110507.926    78.122   -17.63   12.50
-110131.755    67.394   -28.52   13.92
-109755.593    57.937   -25.14    9.54
-109379.440    52.727   -13.85    7.36
-109003.296    49.753    -7.91    5.64
-108627.161    51.170     3.77    6.42
-108251.036    53.203     5.41    7.47
-107874.919    55.317     5.62    7.30
-107498.811    54.003    -3.49    7.27
-107122.713    53.984    -0.05    6.28
-106746.623    53.753    -0.61    5.99
-106370.543    52.872    -2.34    5.92
-105994.471    54.574     4.52    6.65
-105618.408    58.328     9.98    7.59
-105242.355    61.138     7.47    6.23
-104866.311    63.328     5.83    5.77
-104490.275    65.265     5.15    5.76
-104114.249    68.464     8.51    8.98
-103738.231    83.278    39.40   26.47
-103362.223    99.061    41.98   27.36
-102986.224   109.777    28.50   20.37
-102610.233   118.703    23.74   11.86
-102234.252   116.186    -6.70    9.38
-101858.280   113.189    -7.97    8.62
-101482.316   107.178   -15.99   10.45
-101106.362   103.035   -11.02    9.31
-100730.417    98.292   -12.62    8.49
-100354.480    95.278    -8.02    8.25
 -99978.553    91.622    -9.73    6.92
 -99602.635    89.698    -5.12    6.91
 -99226.725    87.653    -5.44    6.55
 -98850.825    84.948    -7.20    8.08
 -98474.934    83.292    -4.41    7.22
 -98099.051    80.253    -8.08    8.28
 -97723.178    78.279    -5.25    8.79
 -97347.313    75.253    -8.05    8.85
 -96971.458    73.497    -4.67    9.46
 -96595.611    72.578    -2.44    8.41
 -96219.774    72.303    -0.73    8.18
 -95843.945    72.189    -0.30    7.32
 -95468.126    71.924    -0.71    6.64
 -95092.315    67.490   -11.80    6.62
 -94716.513    63.933    -9.47    5.84
 -94340.721    60.203    -9.92    4.54
 -93964.937    58.728    -3.93    4.68
 -93589.162    56.628    -5.59    4.60
 -93213.396    55.142    -3.96    4.73
 -92837.639    55.622     1.28    4.48
 -92461.891    57.016     3.71    4.92
 -92086.152    58.420     3.74    4.42
 -91710.422    59.420     2.66    3.53
 -91334.701    57.599    -4.85    4.50
 -90958.989    56.653    -2.52    4.63
 -90583.286    55.240    -3.76    4.95
 -90207.591    53.830    -3.75    5.20
 -89831.906    52.729    -2.93    5.43
 -89456.230    50.497    -5.94    3.95
 -89080.562    50.656     0.42    3.31
 -88704.903    51.200     1.45    3.58
 -88329.254    52.491     3.44    4.02
 -87953.613    54.420     5.13    4.77
 -87577.981    56.574     5.73    4.59
 -87202.358    58.753     5.80    3.77
 -86826.744    60.933     5.80    4.96
 -86451.139    63.534     6.93    4.93
 -86075.543    65.122     4.23    3.82
 -85699.955    64.387    -1.96    3.65
 -85324.377    62.266    -5.65    4.58
 -84948.807    61.163    -2.94    4.14
 -84573.247    59.676    -3.96    3.79
 -84197.695    58.806    -2.32    3.35
 -83822.152    59.009     0.54    3.99
 -83446.618    59.779     2.05    4.60
 -83071.093    60.674     2.38    4.05
 -82695.577    59.903    -2.05    4.11
 -82320.070    57.753    -5.73    4.02
 -81944.571    55.253    -6.66    3.72
 -81569.082    53.702    -4.13    3.67
 -81193.601    52.317    -3.69    3.93
 -80818.129    49.958    -6.28    3.62
 -80442.666    48.227    -4.61    3.11
 -80067.212    47.801    -1.13    2.67
 -79691.767    46.240    -4.16    3.09
 -79316.331    45.003    -3.30    3.34
 -78940.903    43.163    -4.90    3.25
 -78565.485    42.802    -0.96    3.15
 -78190.075    43.015     0.57    3.22
 -77814.674    44.122     2.95    3.57
 -77439.282    46.353     5.94    3.56
 -77063.899    48.403     5.46    3.68
 -76688.524    49.534     3.01    3.97
 -76313.159    49.928     1.05    3.75
 -75937.802    50.253     0.87    3.19
 -75562.454    49.942    -0.83    3.13
 -75187.115    51.564     4.32    4.46
 -74811.785    53.803     5.97    4.69
 -74436.464    54.973     3.12    4.61
 -74061.151    55.253     0.75    4.34
 -73685.847    53.903    -3.60    4.10
 -73310.553    52.516    -3.70    3.38
 -72935.266    53.158     1.71    3.92
 -72559.989    54.317     3.09    3.68
 -72184.721    53.240    -2.87    3.91
 -71809.461    52.303    -2.50    3.91
 -71434.210    51.574    -1.94    3.84
 -71058.969    52.168     1.58    4.11
 -70683.735    54.292     5.66    4.57
 -70308.511    55.253     2.56    3.94
 -69933.295    56.061     2.15    3.89
 -69558.089    56.728     1.78    4.51
 -69182.891    58.353     4.33    4.68
 -68807.702    60.225     4.99    3.75
 -68432.521    59.990    -0.63    3.63
 -68057.350    57.112    -7.67    5.39
 -67682.187    55.035    -5.54    5.44
 -67307.033    50.881   -11.07    4.87
 -66931.888    48.253    -7.01    4.60
 -66556.751    45.522    -7.28    4.85
 -66181.624    43.964    -4.16    4.38
 -65806.505    43.278    -1.83    5.49
 -65431.395    42.143    -3.03    5.05
 -65056.293    40.516    -4.34    4.53
 -64681.201    38.978    -4.10    4.69
 -64306.117    37.464    -4.04    4.80
 -63931.042    35.803    -4.43    4.24
 -63555.976    34.651    -3.07    4.20
 -63180.918    33.138    -4.03    4.41
 -62805.062    32.009    -3.00    3.29
 -62428.261    32.522     1.36    4.31
 -62051.468    34.095     4.17    5.32
 -61674.685    35.158     2.82    5.00
 -61297.910    34.163    -2.64    5.19
 -60921.144    32.086    -5.51    5.21
 -60544.387    29.548    -6.74    3.89
 -60167.639    28.303    -3.30    2.93
 -59790.900    29.253     2.52    4.41
 -59414.169    29.189    -0.17    5.26
 -59037.447    28.122    -2.83    5.53
 -58660.734    25.599    -6.70    4.61
 -58284.030    23.112    -6.60    3.26
 -57907.335    21.892    -3.24    2.10
 -57530.649    22.528     1.69    2.91
 -57153.971    24.778     5.97    5.23
 -56777.302    28.503     9.89    7.54
 -56400.642    32.779    11.35    7.23
 -56023.991    36.832    10.76    5.12
 -55647.348    36.241    -1.57    5.52
 -55270.715    33.625    -6.95    6.86
 -54894.090    30.078    -9.42    6.98
 -54517.474    24.728   -14.21    3.79
 -54140.866    22.420    -6.13    3.04
 -53764.268    20.953    -3.89    1.99
 -53387.678    20.317    -1.69    1.45
 -53011.097    20.578     0.69    1.66
 -52634.525    21.522     2.51    1.98
 -52257.962    22.578     2.80    2.47
 -51881.407    23.953     3.65    3.21
 -51504.862    25.920     5.22    3.73
 -51128.324    27.163     3.30    4.23
 -50751.796    28.702     4.09    4.96
 -50375.277    30.228     4.05    5.18
 -49998.766    29.953    -0.73    4.92
 -49622.264    29.490    -1.23    4.26
 -49245.771    28.368    -2.98    3.31
 -48869.286    26.779    -4.22    3.32
 -48492.811    25.778    -2.66    3.47
 -48116.344    24.314    -3.89    3.61
 -47739.886    22.569    -4.64    3.94
 -47363.436    21.028    -4.09    3.45
 -46986.995    20.445    -1.55    3.54
 -46610.563    19.832    -1.63    2.79
 -46234.140    19.203    -1.67    1.72
 -45857.726    18.753    -1.20    1.62
 -45481.320    19.534     2.07    2.71
 -45104.923    20.490     2.54    3.16
 -44728.535    20.628     0.37    3.07
 -44352.155    21.253     1.66    3.11
 -43975.784    21.656     1.07    3.25
 -43599.422    21.828     0.46    2.90
 -43223.069    22.676     2.25    2.59
 -42846.724    23.578     2.40    3.03
 -42470.388    23.651     0.19    2.71
 -42094.061    24.534     2.35    2.03
 -41717.743    25.128     1.58    2.40
 -41341.433    25.122    -0.02    2.19
 -40965.132    25.490     0.98    2.24
 -40588.839    25.975     1.29    2.45
 -40212.556    27.478     3.99    2.94
 -39836.281    29.528     5.45    2.91
 -39460.014    31.028     3.99    3.22
 -39083.757    33.189     5.74    3.89
 -38707.508    37.642    11.84    7.09
 -38331.268    47.278    25.61   14.13
 -37955.036    56.948    25.70   16.49
 -37578.813    65.148    21.80   13.66
 -37202.599    69.878    12.57   11.78
 -36826.394    69.574    -0.81   10.82
 -36450.197    69.028    -1.45    9.30
 -36074.009    67.086    -5.16    7.48
 -35697.829    64.702    -6.34    8.33
 -35321.659    59.138   -14.79   11.52
 -34945.496    53.933   -13.84   10.34
 -34569.343    52.095    -4.89    9.31
 -34193.198    55.402     8.79   10.52
 -33817.062    63.779    22.27    9.42
 -33440.935    69.958    16.43    8.23
 -33064.816    72.804     7.57    6.76
 -32688.706    70.528    -6.05    7.94
 -32312.604    65.358   -13.75   10.42
 -31936.511    59.830   -14.70    9.92
 -31560.427    58.574    -3.34    9.15
 -31184.352    58.061    -1.36    8.82
 -30808.285    55.802    -6.01    8.76
 -30432.227    52.077    -9.90    8.82
 -30056.177    46.460   -14.94    6.82
 -29680.136    41.702   -12.65    5.85
 -29304.104    39.830    -4.98    5.31
 -28928.080    40.278     1.19    5.05
 -28552.065    41.163     2.35    5.37
 -28176.059    44.729     9.48    4.39
 -27800.061    47.516     7.41    5.16
 -27424.071    49.928     6.41    4.96
 -27048.091    51.464     4.08    4.29
 -26672.119    51.777     0.83    4.33
 -26296.156    52.777     2.66    5.01
 -25920.201    57.069    11.41    6.85
 -25544.255    61.353    11.40    6.81
 -25168.317    63.830     6.59    5.37
 -24792.388    63.363    -1.24    4.57
 -24416.468    61.578    -4.75    4.33
 -24040.556    60.016    -4.15    3.66
 -23664.653    58.294    -4.58    3.34
 -23288.759    56.456    -4.89    3.08
 -22912.873    54.728    -4.60    3.91
 -22536.996    54.228    -1.33    3.67
 -22161.127    54.203    -0.07    3.59
 -21785.267    52.420    -4.74    4.00
 -21409.415    52.996     1.53    4.19
 -21033.572    51.070    -5.12    5.25
 -20657.738    48.978    -5.57    5.03
 -20281.912    47.471    -4.01    4.74
 -19906.095    45.328    -5.70    4.48
 -19530.286    45.394     0.18    4.34
 -19154.486    45.728     0.89    4.50
 -18778.694    46.138     1.09    4.54
 -18402.911    46.702     1.50    3.37
 -18027.137    45.727    -2.59    3.72
 -17651.371    43.676    -5.46    4.11
 -17275.614    41.119    -6.81    3.79
 -16899.865    39.364    -4.67    3.41
 -16524.125    37.445    -5.11    3.08
 -16148.393    36.343    -2.93    2.96
 -15772.670    35.471    -2.32    3.18
 -15396.956    34.394    -2.87    3.18
 -15021.250    33.332    -2.83    3.51
 -14645.552    32.292    -2.77    3.65
 -14269.864    31.471    -2.18    3.43
 -13894.183    30.885    -1.56    3.39
 -13518.511    30.631    -0.67    3.38
 -13142.848    31.780     3.06    4.03
 -12767.193    33.436     4.41    4.36
 -12391.547    35.958     6.71    4.24
 -12015.909    38.478     6.71    4.99
 -11640.280    40.103     4.33    4.15
 -11264.660    40.548     1.18    3.95
 -10889.048    38.802    -4.65    5.39
 -10513.444    35.543    -8.68    4.42
 -10137.849    33.203    -6.23    3.64
  -9762.262    31.674    -4.07    3.86
  -9386.684    30.534    -3.04    4.20
  -9011.115    28.353    -5.81    4.28
  -8635.554    26.727    -4.33    3.76
  -8260.001    26.317    -1.09    2.99
  -7884.457    26.253    -0.17    2.92
  -7508.921    26.548     0.79    2.72
  -7133.394    26.651     0.27    2.58
  -6757.876    26.306    -0.92    2.95
  -6382.366    26.569     0.70    3.66
  -6006.864    27.281     1.90    3.70
  -5631.371    27.378     0.26    3.10
  -5255.886    29.728     6.26    4.15
  -4880.410    30.292     1.50    4.02
  -4504.943    29.907    -1.02    4.21
  -4129.483    28.806    -2.93    4.39
  -3754.033    26.539    -6.04    4.91
  -3378.591    24.112    -6.46    4.76
  -3003.157    22.028    -5.55    4.87
  -2627.731    19.599    -6.47    3.75
  -2252.315    18.676    -2.46    3.83
  -1876.906    18.680     0.01    4.28
  -1501.506    17.648    -2.75    5.44
  -1126.115    13.128   -12.04    9.21
   -750.732     7.240   -15.68   10.10
   -375.357     3.948    -8.77    8.40
      0.009     2.103    -4.92    7.25
    375.366     3.023     2.45    8.12
    750.715     5.186     5.76    8.68
   1126.056    11.591    17.07   11.85
   1501.388    19.428    20.88   13.44
   1876.712    27.103    20.45    9.05
   2252.028    29.053     5.20    6.74
   2627.335    26.378    -7.13    7.16
   3002.633    22.569   -10.15    5.02
   3377.923    22.753     0.49    5.15
   3753.205    24.631     5.00    6.10
   4128.478    26.112     3.95    6.33
   4503.743    26.928     2.17    5.69
   4878.999    27.189     0.70    5.25
   5254.247    31.348    11.08    8.66
   5629.487    36.148    12.79    8.82
   6004.718    37.958     4.82    8.64
   6379.941    38.522     1.50    6.83
   6755.155    36.445    -5.54    5.34
   7130.361    35.378    -2.84    3.79
   7505.559    35.475     0.26    3.94
   7880.748    37.189     4.57    3.92
   8255.928    37.095    -0.25    3.63
   8631.101    36.700    -1.05    2.80
   9006.265    36.856     0.41    3.11
   9381.420    37.727     2.32    4.14
   9756.567    39.086     3.62    4.39
  10131.706    40.700     4.30    4.29
  10506.836    41.676     2.60    3.25
  10881.958    41.485    -0.51    3.10
  11257.072    40.699    -2.09    2.89
  11632.177    42.003     3.48    3.76
  12007.274    43.279     3.40    3.73
  12383.572    45.192     5.08    3.90
  12760.334    46.779     4.21    3.70
  13137.087    48.958     5.78    3.78
  13513.832    50.119     3.08    3.88
  13890.568    51.148     2.73    4.35
  14267.296    51.428     0.74    4.26
  14644.015    49.727    -4.52    3.84
  15020.726    49.143    -1.55    3.59
  15397.429    48.028    -2.96    3.37
  15774.123    48.858     2.20    3.59
  16150.808    54.189    14.15   17.92
  16527.486    65.103    28.97   32.87
  16904.154    75.112    26.57   40.25
  17280.815    75.625     1.36   38.34
  17657.467    67.937   -20.41   27.58
  18034.110    62.174   -15.30   16.71
  18410.745    60.892    -3.40    8.34
  18787.372    65.553    12.38    7.34
  19163.990    69.168     9.60    4.43
  19540.600    70.189     2.71    3.00
  19917.202    68.303    -5.01    3.46
  20293.795    67.516    -2.09    4.17
  20670.379    67.403    -0.30    4.37
  21046.956    67.928     1.39    4.71
  21423.524    68.464     1.42    4.27
  21800.083    69.853     3.69    4.04
  22176.634    71.112     3.34    4.17
  22553.177    71.485     0.99    4.23
  22929.711    71.266    -0.58    4.64
  23306.237    68.478    -7.40    5.62
  23682.754    64.163   -11.46    5.49
  24059.264    59.522   -12.33    5.50
  24435.764    56.053    -9.21    5.25
  24812.257    53.170    -7.66    3.15
  25188.741    51.548    -4.31    2.75
  25565.216    51.112    -1.16    2.80
  25941.683    50.023    -2.89    2.95
  26318.142    48.595    -3.79    3.27
  26694.593    47.309    -3.42    3.18
  27071.035    45.903    -3.73    3.10
  27447.469    44.933    -2.58    3.16
  27823.894    43.856    -2.86    3.20
  28200.311    43.702    -0.41    2.75
  28576.720    44.348     1.72    3.19
  28953.120    44.412     0.17    3.34
  29329.512    43.599    -2.16    3.60
  29705.896    41.907    -4.50    3.51
  30082.271    39.628    -6.05    2.93
  30458.638    38.497    -3.01    2.53
  30834.997    37.303    -3.17    2.55
  31211.347    36.317    -2.62    2.90
  31587.689    35.128    -3.16    2.91
  31964.023    33.548    -4.20    2.10
  32340.348    32.266    -3.41    2.02
  32716.665    31.228    -2.76    1.87
  33092.973    30.031    -3.18    1.58
  33469.274    28.881    -3.05    2.25
  33845.566    27.674    -3.21    2.64
  34221.849    27.086    -1.56    2.38
  34598.125    27.420     0.89    2.66
  34974.392    27.700     0.75    2.67
  35350.650    27.503    -0.52    2.62
  35726.901    27.727     0.60    2.71
  36103.143    27.674    -0.14    2.71
  36479.377    27.119    -1.48    2.77
  36855.602    26.402    -1.91    3.09
  37231.819    25.436    -2.57    3.92
  37608.028    24.779    -1.75    3.79
  37984.229    24.292    -1.29    4.20
  38360.421    24.317     0.07    4.47
  38736.605    26.138     4.84    5.74
  39112.781    27.582     3.84    5.66
  39488.948    28.148     1.50    5.55
  39865.107    27.328    -2.18    4.94
  40241.258    26.753    -1.53    4.16
  40617.401    24.314    -6.48    3.98
  40993.535    22.353    -5.21    4.28
  41369.661    20.510    -4.90    3.39
  41745.778    19.497    -2.69    2.90
  42121.888    19.528     0.08    3.15
  42497.989    20.103     1.53    3.76
  42874.082    20.203     0.27    3.59
  43250.167    20.213     0.03    3.11
  43626.243    20.023    -0.50    2.71
  44002.311    19.591    -1.15    2.32
  44378.371    19.278    -0.83    2.28
  44754.423    19.216    -0.16    2.20
  45130.466    19.522     0.81    2.28
  45506.501    20.478     2.54    2.66
  45882.528    21.358     2.34    2.34
  46258.546    20.753    -1.61    2.53
  46634.557    19.578    -3.12    2.73
  47010.559    18.595    -2.61    1.99
  47386.553    18.153    -1.18    2.31
  47762.538    17.933    -0.59    2.73
  48138.516    17.851    -0.22    2.66
  48514.485    18.385     1.42    2.76
  48890.446    20.112     4.59    3.92
  49266.398    22.497     6.34    4.04
  49642.343    23.625     3.00    3.53
  50018.279    24.003     1.01    4.08
  50394.207    22.225    -4.73    4.08
  50770.127    20.958    -3.37    3.93
  51146.039    20.266    -1.84    3.31
  51521.942    19.622    -1.71    3.01
  51897.837    19.086    -1.42    2.75
  52273.724    18.781    -0.81    3.12
  52649.603    18.453    -0.87    3.50
  53025.473    18.061    -1.04    3.97
  53401.336    17.189    -2.32    4.30
  53777.190    16.343    -2.25    4.89
  54153.036    14.122    -5.91    4.45
  54528.873    11.997    -5.65    3.94
  54904.703    11.035    -2.56    3.33
  55280.524    11.153     0.31    3.29
  55656.338    12.086     2.48    2.69
  56032.142    11.928    -0.42    2.82
  56407.939    11.628    -0.80    2.94
  56783.728    10.753    -2.33    2.89
  57159.508    10.103    -1.73    3.13
  57535.281     9.445    -1.75    3.40
  57911.045    10.070     1.66    3.49
  58286.800    11.078     2.68    3.25
  58662.548    12.198     2.98    3.23
  59038.288    13.375     3.13    3.02
  59414.019    14.911     4.09    2.48
  59789.742    15.028     0.31    2.72
  60165.457    14.522    -1.35    3.12
  60541.164    13.528    -2.65    3.07
  60916.863    11.984    -4.11    2.95
  61292.554    11.240    -1.98    2.30
  61668.236    10.471    -2.05    2.28
  62043.910     9.899    -1.52    2.69
  62419.576     9.490    -1.09    3.00
  62795.234     9.128    -0.96    2.99
  63170.884     8.700    -1.14    3.17
  63546.526     7.095    -4.27    4.06
  63922.159     4.112    -7.94    4.75
  64297.785     1.727    -6.35    3.42
  64673.402     0.189    -4.10    2.73
  65049.011    -0.093    -0.75    3.02
  65424.612     0.387     1.28    3.31
  65800.205     0.429     0.11    3.18
  66175.790    -0.466    -2.38    3.42
  66551.367     0.779     3.32    4.35
  66926.935     1.317     1.43    4.63
  67302.496     1.163    -0.41    4.68
  67678.048     0.832    -0.88    4.38
  68053.592    -1.147    -5.27    4.14
  68429.128    -2.042    -2.38    3.58
  68804.656    -0.734     3.48    5.82
  69180.176     1.878     6.96    7.24
  69555.688     6.726    12.91    8.26
  69931.191    12.143    14.43    7.31
  70306.687    14.881     7.29    5.69
  70682.174    16.703     4.85    4.73
  71057.653    16.163    -1.44    5.39
  71433.125    13.128    -8.08    6.66
  71808.588    10.828    -6.13    6.37
  72184.043     9.674    -3.07    5.23
  72559.490    10.753     2.87    5.61
  72934.929    12.858     5.61    4.97
  73310.359    13.290     1.15    4.54
  73685.782    13.678     1.03    3.65
  74061.197    13.834     0.42    3.28
  74436.603    13.990     0.41    3.04
  74812.002    13.420    -1.52    2.57
  75187.392    13.009    -1.09    2.26
  75562.775    12.933    -0.20    2.16
  75938.149    14.240     3.48    3.19
  76313.515    16.543     6.13    3.99
  76688.873    18.809     6.04    3.55
  77064.223    20.403     4.25    3.05
  77439.565    20.558     0.41    3.05
  77814.899    19.753    -2.14    3.48
  78190.225    18.078    -4.46    3.48
  78565.543    16.753    -3.53    3.28
  78940.853    14.878    -5.00    4.02
  79316.155    13.240    -4.36    3.86
  79691.448    12.599    -1.71    3.51
  80066.734    12.332    -0.71    3.51
  80442.012    13.009     1.81    3.88
  80817.281    13.314     0.81    3.94
  81192.543    13.336     0.06    4.34
  81567.796    13.753     1.11    4.24
  81943.042    13.332    -1.12    4.46
  82318.279    13.394     0.17    5.26
  82693.509    13.061    -0.89    4.97
  83068.730    12.411    -1.73    4.71
  83443.944    11.522    -2.37    4.92
  83819.149    10.958    -1.50    5.29
  84194.347     7.858    -8.26    5.89
  84569.536     8.095     0.63    5.65
  84944.717     8.780     1.83    5.52
  85319.891     8.503    -0.74    5.24
  85695.056     9.095     1.58    4.12
  86070.213     6.753    -6.24    3.27
  86445.362     7.086     0.89    4.06
  86820.504     7.907     2.19    4.43
  87195.637     8.803     2.39    4.67
  87572.345     8.464    -0.90    4.02
  87949.070     6.878    -4.21    2.42
  88325.787     6.834    -0.12    2.44
  88702.495     8.265     3.80    3.52
  89079.196     9.599     3.54    3.37
  89455.889    10.911     3.48    2.84
  89832.574    11.061     0.40    2.48
  90209.250    10.378    -1.81    2.31
  90585.919     9.215    -3.09    3.39
  90962.579     7.086    -5.65    4.27
  91339.232     5.595    -3.96    3.72
  91715.876     4.174    -3.77    3.70
  92092.513     3.392    -2.08    3.66
  92469.141     3.028    -0.97    3.69
  92845.761     3.070     0.11    4.08
  93222.373     2.464    -1.61    4.14
  93598.978     1.153    -3.48    4.63
  93975.574    -0.300    -3.86    3.69
  94352.162     0.103     1.07    3.16
  94728.742     0.828     1.93    2.88
  95105.314     1.779     2.53    3.15
  95481.878     0.453    -3.52    3.55
  95858.434     0.009    -1.18    3.97
  96234.983    -0.515    -1.39    3.75
  96611.523    -0.119     1.05    3.83
  96988.055     0.503     1.65    3.73
  97364.579     1.471     2.57    3.28
  97741.095     2.095     1.66    2.32
  98117.603     2.128     0.09    2.55
  98494.103     2.023    -0.28    2.49
  98870.595     2.009    -0.04    3.36
  99247.079     1.548    -1.23    5.13
  99623.555    -0.328    -4.98    5.98
 100000.023    -3.490    -8.40    6.47
 100376.483    -6.247    -7.32    5.17
 100752.935    -7.297    -2.79    2.60
 101129.379    -6.972     0.86    2.75
 101505.815    -6.683     0.77    3.11
 101882.243    -3.734     7.83    6.00
 102258.663    -0.058     9.77    8.65
 102635.075     4.095    11.03    8.49
 103011.479     7.933    10.20    6.84
 103387.875    10.086     5.72    4.61
 103764.263     9.003    -2.88    4.25
 104140.644     8.009    -2.64    4.54
 104517.016     6.216    -4.76    4.40
 104893.380     4.516    -4.52    3.53
 105269.736     3.163    -3.59    2.58
 105646.085     2.292    -2.32    1.70
 106022.425     1.878    -1.10    1.52
 106398.758     1.678    -0.53    1.87
 106775.082     2.420     1.97    2.34
 107151.399     3.625     3.20    3.75
 107527.707     4.227     1.60    3.70
 107904.008     3.885    -0.91    3.99
 108280.300     2.138    -4.64    3.31
 108656.585     0.559    -4.20    1.51
 109032.862     0.528    -0.08    1.39
 109409.131     1.394     2.30    1.86
 109785.392     1.779     1.02    2.02
 110161.645     1.599    -0.48    2.17
 110537.890     1.131    -1.24    2.31
 110914.127     0.558    -1.52    2.03
 111290.356    -0.016    -1.53    1.74
 111666.577     0.522     1.43    2.81
 112042.791     2.343     4.84    4.45
 112418.996     3.266     2.45    4.87
 112795.194     2.878    -1.03    4.72
 113171.383     1.832    -2.78    3.89
 113547.565     1.403    -1.14    2.44
 113923.739     2.804     3.72    2.99
 114299.905     3.802     2.65    3.32
 114676.063     4.778     2.60    2.94
 115052.213     4.753    -0.07    3.08
 115428.355     4.753     0.00    3.07
 115804.489     4.411    -0.91    3.02
 116180.615     4.138    -0.73    2.93
 116556.734     4.163     0.07    2.98
 116932.844     3.753    -1.09    2.82
 117308.947     3.266    -1.30    2.04
 117685.042     3.516     0.67    2.22
 118061.129     3.009    -1.35    1.87
 118437.208     3.412     1.07    2.12
 118813.279     3.510     0.26    2.35
 119189.342     3.953     1.18    2.55
 119565.397     4.148     0.52    1.62
 119941.445     4.653     1.34    1.85
 120317.484     4.958     0.81    2.05
 120693.516     5.266     0.82    2.28
 121069.540     5.528     0.70    2.13
 121445.556     5.622     0.25    2.15
 121821.564     5.753     0.35    1.93
 122197.564     6.294     1.44    2.47
 122573.557     7.973     4.47    3.32
 122949.541     8.928     2.54    3.43
 123325.518     9.348     1.12    2.80
 123701.487     9.358     0.03    2.62
 124077.448     9.885     1.40    2.89
 124453.401    11.215     3.54    2.92
 124829.346    13.445     5.93    3.35
 125205.284    15.292     4.91    3.46
 125581.214    17.035     4.64    3.22
 125957.135    18.281     3.31    3.20
 126333.049    17.028    -3.33    3.87
 126708.955    15.978    -2.79    3.25
 127084.854    15.622    -0.95    2.93
 127460.744    16.378     2.01    2.71
 127836.627    17.651     3.38    3.23
 128212.502    20.103     6.52    3.37
 128588.368    21.933     4.87    2.99
 128964.228    23.215     3.41    2.51
 129340.079    24.122     2.41    2.75
 129715.922    24.343     0.59    3.46
 130091.758    23.729    -1.63    3.80
 130467.586    23.142    -1.56    3.86
 130843.406    22.856    -0.76    2.70
 131219.218    22.648    -0.55    3.38
 131595.023    21.856    -2.11    3.16
 131970.819    20.676    -3.14    3.17
 132346.608    19.516    -3.09    3.07
 132722.389    19.928     1.10    3.19
 133098.163    19.753    -0.47    2.93
 133473.928    19.543    -0.56    2.37
 133849.686    20.021     1.27    2.31
 134225.436    19.915    -0.28    2.40
 134601.178    20.021     0.28    2.03
 134976.912    20.471     1.20    2.05
 135352.638    21.328     2.28    2.68
 135728.357    22.907     4.20    2.56
 136104.068    24.343     3.82    2.46
 136479.771    25.978     4.35    2.60
 136855.467    27.806     4.86    3.04
 137231.154    30.328     6.71    4.31
 137606.834    32.832     6.66    4.16
 137982.506    33.729     2.39    3.74
 138358.171    33.803     0.20    4.62
 138733.827    33.834     0.08    4.37
 139109.476    33.990     0.41    3.87
 139485.117    35.856     4.97    3.63
 139860.750    37.061     3.21    2.87
 140236.376    37.804     1.98    2.26
 140611.993    37.804     0.00    2.52
 140987.603    36.806    -2.66    2.99
 141363.206    35.920    -2.36    3.16
 141738.800    35.528    -1.04    3.35
 142114.387    35.290    -0.63    3.45
 142489.966    35.885     1.58    3.76
 142865.537    36.503     1.65    3.64
 143241.101    37.490     2.63    3.37
 143616.657    38.153     1.77    3.22
 143992.205    39.648     3.98    2.83
 144367.745    41.368     4.58    3.60
 144743.278    42.958     4.23    3.57
 145118.803    43.881     2.46    3.46
 145494.320    44.997     2.97    3.66
 145869.829    45.618     1.65    4.08
 146245.331    47.958     6.23    4.72
 146620.825    49.858     5.06    4.40
 146996.311    49.881     0.06    4.46
 147371.790    49.881     0.00    3.65
 147747.261    49.483    -1.06    3.80
 148122.724    47.928    -4.14    3.47
 148498.180    45.881    -5.45    3.61
 148873.627    44.306    -4.20    3.49
 149249.067    44.028    -0.74    3.30
 149624.500    43.807    -0.59    2.87
 149999.924    43.387    -1.12    3.28
 150375.341    42.727    -1.76    3.54
 150750.751    41.907    -2.19    3.51
 151126.152    40.266    -4.37    4.06
 151501.546    38.420    -4.92    3.97
 151876.932    36.978    -3.84    4.37
 152252.311    36.516    -1.23    4.70
 152627.682    35.603    -2.43    4.83
 153003.045    34.832    -2.05    4.62
 153378.400    34.534    -0.80    4.45
 153753.748    33.578    -2.55    4.73
 154129.088    32.402    -3.13    3.56
 154504.421    31.483    -2.45    3.59
 154879.745    31.885     1.07    4.46
 155255.063    32.625     1.97    5.78
 155630.372    34.394     4.71    6.16
 156005.674    35.112     1.91    5.90
 156380.968    36.138     2.73    4.97
 156756.255    36.781     1.71    3.89
 157131.533    36.453    -0.87    2.79
 157506.805    36.338    -0.31    1.97
 157882.068    36.200    -0.37    1.62
 158257.324    35.678    -1.39    1.62
 158632.572    35.343    -0.89    1.70
 159007.813    35.103    -0.64    1.46
 159383.046    35.227     0.33    1.62
 159758.271    34.907    -0.85    2.13
 160133.489    34.702    -0.55    2.35
 160508.699    34.138    -1.50    2.30
 160883.901    33.828    -0.83    2.10
 161259.096    33.614    -0.57    1.69
 161634.283    33.294    -0.85    1.37
 162009.462    33.043    -0.67    1.52
 162385.024    33.306     0.70    1.50
 162761.722    33.933     1.66    1.96
 163138.413    35.003     2.84    2.14
 163515.096    35.753     1.99    1.89
 163891.771    36.009     0.68    1.76
 164268.439    35.727    -0.75    1.65
 164645.099    35.317    -1.09    1.59
 165021.751    35.131    -0.49    1.60
 165398.395    35.021    -0.29    1.58
 165775.032    35.138     0.31    1.66
 166151.662    35.574     1.16    2.25
 166528.283    37.471     5.04    3.70
 166904.897    40.086     6.94    4.41
 167281.503    42.703     6.95    4.43
 167658.102    44.253     4.12    3.08
 168034.693    44.578     0.86    3.16
 168411.276    44.832     0.67    3.22
 168787.852    45.428     1.58    3.02
 169164.420    45.128    -0.80    3.39
 169540.980    43.503    -4.32    3.61
 169917.533    42.016    -3.95    3.76
 170294.078    41.174    -2.24    3.47
 170670.615    40.937    -0.63    3.70
 171047.145    41.830     2.37    3.96
 171423.667    43.016     3.15    3.37
 171800.182    43.804     2.09    3.39
 172176.688    44.016     0.56    3.44
 172553.188    43.990    -0.07    3.77
 172929.679    43.436    -1.47    3.53
 173306.163    43.279    -0.42    3.46
 173682.640    44.460     3.14    3.82
 174059.108    45.163     1.87    3.88
 174435.569    46.856     4.49    3.93
 174812.023    48.043     3.15    3.76
 175188.469    48.651     1.61    3.70
 175564.907    50.053     3.73    3.46
 175941.338    50.200     0.39    3.29
 176317.761    51.003     2.13    2.71
 176694.176    51.700     1.85    2.05
 177070.584    52.168     1.24    2.18
 177446.984    52.678     1.36    2.10
 177823.377    53.364     1.82    2.11
 178199.762    54.911     4.11    2.57
 178576.139    56.806     5.03    3.02
 178952.509    58.086     3.40    2.73
 179328.871    58.574     1.29    2.43
 179705.226    58.471    -0.27    2.76
 180081.573    57.830    -1.70    2.65
 180457.912    57.674    -0.41    2.12
 180834.244    58.753     2.87    2.59
 181210.569    59.631     2.33    2.01
 181586.885    60.131     1.33    1.98
 181963.194    61.003     2.32    1.93
 182339.496    61.595     1.57    1.81
 182715.790    61.924     0.87    2.39
 183092.076    61.881    -0.11    2.56
 183468.355    63.907     5.38    4.57
 183844.627    65.978     5.50    5.60
 184220.890    67.806     4.86    6.05
 184597.147    68.628     2.19    5.37
 184973.395    69.996     3.64    4.15
 185349.636    71.485     3.96    5.43
 185725.870    73.203     4.57    4.74
 186102.096    74.807     4.26    4.77
 186478.314    75.411     1.60    4.63
 186854.525    76.411     2.66    5.93
 187230.728    80.881    11.88   12.70
 187606.924    82.317     3.82   12.78
 187983.112    84.702     6.34   12.10
 188359.293    93.543    23.50   18.01
 188735.466   107.142    36.15   20.34
 189111.632   125.778    49.54   22.06
 189487.790   146.485    55.04   23.73
 189863.941   164.543    48.00   24.42
 190240.084   190.228    68.28   29.57
 190616.219   217.937    73.66   33.74
 190992.347   245.528    73.35   36.09
 191368.468   280.599    93.24   39.29
 191744.581   312.907    85.89   45.24
 192120.686   350.368    99.59   44.72
 192496.784   373.240    60.81   37.94
 192872.874   377.265    10.70   43.19
 193248.957   374.834    -6.46   61.30
 193625.033   385.607    28.64   66.36
 194001.101   378.727   -18.29   82.46
 194377.161   333.625  -119.92  128.02
 194753.214   258.990  -198.45  159.85
 195129.259   144.699  -303.90  136.69
 195505.297    55.163  -238.08   76.62
 195881.328    14.779  -107.39   41.03
 196257.350    -3.878   -49.61   11.27
 196633.366    -8.991   -13.59    3.73
 197009.374    -9.747    -2.01    3.71
 197385.374   -10.662    -2.43    3.65
 197761.367   -11.401    -1.97    3.89
 198137.353   -12.694    -3.44    3.93
 198513.331   -14.597    -5.06    2.81
 198889.301   -16.042    -3.84    2.26
 199265.264   -16.972    -2.47    2.89
 199641.220   -16.811     0.43    3.54
 200017.168   -16.606     0.55    5.26
 200393.108   -16.536     0.18    5.89
 200769.042   -16.372     0.44    5.96
 201144.967   -15.597     2.06    5.40
 201520.886   -15.552     0.12    4.57
 201896.796   -14.984     1.51    5.18
 202272.700   -14.931     0.14    5.16
 202648.596   -16.221    -3.43    5.64
 203024.484   -17.401    -3.14    5.28
 203400.365   -18.826    -3.79    5.33
 203776.238   -21.401    -6.85    5.43
 204152.105   -22.536    -3.02    4.57
 204527.963   -23.326    -2.10    3.54
 204903.814   -23.223     0.27    3.44
 205279.658   -23.194     0.08    3.61
 205655.494   -24.076    -2.35    3.64
 206031.323   -25.324    -3.32    3.59
 206407.145   -26.426    -2.93    3.71
 206782.959   -26.510    -0.22    4.54
 207158.765   -26.144     0.97    5.94
 207534.564   -26.647    -1.34    5.97
 207910.356   -25.221     3.80    6.73
 208286.140   -25.772    -1.47    6.26
 208661.917   -27.405    -4.34    6.55
 209037.687   -27.149     0.68    7.14
 209413.449   -26.772     1.00    7.38
 209789.203   -25.842     2.48    6.99
 210164.951   -26.031    -0.50    6.49
 210540.691   -26.997    -2.57    6.57
 210916.423   -29.497    -6.65    5.89
 211292.148   -32.272    -7.38    4.96
 211667.866   -35.047    -7.39    3.79
 212043.576   -36.452    -3.74    3.13
 212419.279   -37.719    -3.37    3.53
 212794.974   -37.452     0.71    4.80
 213170.662   -36.572     2.34    5.64
 213546.343   -36.378     0.51    6.01
 213922.016   -35.722     1.75    4.71
 214297.682   -35.965    -0.65    5.13
 214673.340   -36.897    -2.48    5.23
 215048.991   -39.484    -6.89    6.32
 215424.635   -41.580    -5.58    6.88
 215800.271   -44.721    -8.36    7.46
 216175.900   -48.273    -9.46    6.02
 216551.522   -49.872    -4.26    4.56
 216927.136   -51.664    -4.77    2.84
 217302.743   -51.273     1.04    3.34
 217678.342   -51.852    -1.54    3.36
 218053.934   -52.490    -1.70    2.39
 218429.519   -51.375     2.97    3.22
 218805.096   -49.108     6.04    4.91
 219180.666   -46.322     7.42    4.66
 219556.229   -45.991     0.88    3.86
 219931.784   -47.589    -4.26    3.91
 220307.332   -48.067    -1.27    3.81
 220682.873   -48.668    -1.60    4.29
 221058.406   -47.491     3.13    5.37
 221433.932   -46.452     2.77    5.42
 221809.450   -44.972     3.94    4.83
 222184.962   -43.452     4.05    3.95
 222560.465   -41.597     4.94    4.62
 222935.962   -38.897     7.19    5.77
 223311.451   -36.220     7.13    5.30
 223686.933   -34.683     4.09    4.81
 224062.407   -33.042     4.37    5.44
 224437.875   -35.047    -5.34    6.57
 224813.334   -37.697    -7.06    7.32
 225188.787   -40.830    -8.34    6.80
 225564.232   -43.166    -6.22    3.81
 225939.670   -43.220    -0.14    4.25
 226315.101   -43.197     0.06    4.79
 226690.524   -43.637    -1.17    5.15
 227065.940   -45.800    -5.76    4.07
 227441.349   -47.247    -3.86    3.40
 227816.750   -48.589    -3.57    3.37
 228192.144   -50.222    -4.35    3.96
 228567.531   -51.426    -3.21    3.53
 228942.910   -52.642    -3.24    3.49
 229318.282   -53.452    -2.16    2.92
 229693.647   -54.708    -3.35    4.01
 230069.004   -56.247    -4.10    4.41
 230444.355   -58.194    -5.19    4.25
 230819.698   -58.547    -0.94    3.69
 231195.033   -59.273    -1.93    2.32
 231570.362   -59.016     0.68    3.23
 231945.683   -57.722     3.45    3.71
 232320.996   -55.787     5.15    4.88
 232696.303   -52.811     7.93    4.36
 233071.602   -49.536     8.72    4.55
 233446.894   -47.615     5.12    3.98
 233822.179   -46.478     3.03    3.38
 234197.456   -46.830    -0.94    4.27
 234572.726   -47.047    -0.58    4.11
 234947.989   -46.939     0.29    4.48
 235323.245   -45.484     3.88    4.38
 235698.493   -43.760     4.59    4.56
 236073.734   -43.194     1.51    6.07
 236448.968   -42.922     0.73    6.23
 236824.194   -42.196     1.94    6.13
 237199.414   -38.097    10.92   10.08
 237575.396   -29.247    23.54   15.16
 237952.057   -21.125    21.56   14.30
 238328.710   -13.355    20.63    8.88
 238705.356   -12.247     2.94    6.96
