# NaN NaN NaN ;Mean Elev.(m), Avg Gradient(m/km), RMS Gradient(m/km) - SRTM1     
#    0.766   0.199   3.471 ;Mean Elev.(m), Avg Gradient(m/km), RMS Gradient(m/km) - ASTER GDEM
#    8.179  -0.054   2.405 ;Mean Elev.(m), Avg Gradient(m/km), RMS Gradient(m/km) - GMTED2010 
  8 105.271234  11.934766    12.851    12.773  5 52497.61928289 23.879
 10 105.271198  11.934636    11.009    11.004  5 52567.61929436 46.245
 11 105.264832  11.935833     7.739     7.762  5 52602.61929530 46.209
 12 105.264704  11.935145     6.474     5.524  5 52637.61926588 42.783
 13 105.267537  11.934893     4.217     4.201  4 52672.61926756 27.336
 14 105.267614  11.936224     5.923     3.436  5 52707.61927273 22.084
 15 105.263918  11.935262     2.948     2.853  5 52742.61930335 22.653
 17 105.263988  11.934436     6.941     6.323  5 52812.61932388 23.341
 18 105.266440  11.934547     8.981     8.977  5 52847.61937807 26.229
 19 105.265320  11.934608    11.599    11.624  5 52882.61941439 20.996
 20 105.270628  11.935470    11.849    12.168  5 52917.61937122 23.208
 21 105.272124  11.934302     7.454     6.804  5 52952.61933266 42.616
 22 105.276359  11.935052    10.699    10.772  4 52987.61934559 20.396
 23 105.274099  11.934428     3.558     3.541  4 53022.61933388 30.074
 24 105.274706  11.935491     3.105     2.995  4 53057.61932700 26.498
 25 105.261814  11.934539     2.351     2.308  5 53092.61936479 25.616
 26 105.271013  11.935251     2.701     2.683  4 53127.61933589 32.866
 28 105.269421  11.934226     7.818     6.848  5 53197.61940008 23.534
 29 105.276161  11.934106    13.233    13.166  4 53232.61937667 26.221
 30 105.268703  11.935981    13.971    14.000  5 53267.61934572 45.949
 31 105.259001  11.934242     9.049     8.568  5 53302.61940111 33.174
 32 105.268111  11.934623     6.272     5.621  5 53337.61937071 40.550
 33 105.271949  11.935219     4.196     4.139  5 53372.61930530 30.983
 34 105.270121  11.934725     3.031     3.061  4 53407.61934370 27.217
 35 105.269793  11.935848     2.884     2.822  5 53442.61932888 27.055
 36 105.262227  11.934423     2.818     2.758  6 53477.61940090 40.306
 37 105.267555  11.935216     2.638     2.634  5 53512.61941258 26.410
 38 105.263641  11.934934     7.913     7.273  6 53547.61943046 27.121
 39 105.269038  11.935377    12.554    12.597  4 53582.61939877 23.254
 40 105.266745  11.934857    13.115    12.948  5 53617.61935453 24.671
 41 105.267831  11.935283    12.175    12.004  5 53652.61937365 32.683
 42 105.264442  11.935909     8.085     8.096  5 53687.61937563 41.570
 43 105.272482  11.934749     6.691     5.780  5 53722.61930050 24.157
 44 105.274867  11.934810     4.210     4.226  4 53757.61923495 50.188
 45 105.272874  11.934807     3.349     3.399  5 53792.61925867 29.010
 46 105.271555  11.934435     4.738     2.978  5 53827.61922587 27.347
 47 105.264461  11.934905     2.801     2.807  6 53862.61931204 41.245
 48 105.268393  11.935345     4.540     4.582  5 53897.61933430 32.086
 49 105.258187  11.935832     9.209     9.436  6 53932.61938277 24.004
 50 105.262776  11.934998    13.574    13.570  5 53967.61935600 35.221
 51 105.269463  11.934858    11.739    11.700  4 54002.61932221 25.596
 52 105.270559  11.935608    10.968    10.857  4 54037.61935945 21.717
 53 105.269902  11.935505     6.039     6.055  4 54072.61935348 41.362
 54 105.268838  11.935298     5.808     4.596  5 54107.61930258 19.789
 55 105.267184  11.935902     3.241     3.282  5 54142.61928924 33.978
 56 105.268683  11.934405     2.904     2.770  5 54177.61928513 46.660
 57 105.266747  11.934652     2.679     2.659  5 54212.61929599 26.959
 58 105.267234  11.935867     3.476     3.447  5 54247.61932563 40.500
 60 105.270440  11.934675     9.506     8.946  4 54317.61933237 19.142
 61 105.269889  11.935198    11.405    11.395  5 54352.61929813 30.370
 62 105.269301  11.935141    13.564    13.543  4 54387.61927212 49.457
 63 105.268920  11.934541     9.083     9.048  5 54422.61924761 36.635
 64 105.268489  11.935090     5.424     5.389  5 54457.61924604 48.564
 65 105.269932  11.935498     3.898     3.892  4 54492.61925066 48.968
 66 105.270191  11.934244     3.294     3.280  5 54527.61925847 48.215
 67 105.268997  11.935265     3.039     3.044  4 54562.61925858 35.249
 68 105.268132  11.935012     3.423     3.370  4 54597.61925493 28.795
 69 105.267089  11.935157     7.078     7.102  5 54632.61926795 30.396
 70 105.267123  11.934825    10.414     9.755  5 54667.61927338 23.649
 71 105.270881  11.934484    13.148    13.143  4 54702.61923970 52.076
 72 105.267512  11.936208    13.221    13.430  5 54737.61923480 21.784
 73 105.270432  11.934453    10.274    10.064  4 54772.61922011 30.459
 74 105.266908  11.934122     7.921     7.275  5 54807.61922757 35.498
 75 105.269299  11.934177     5.477     4.815  5 54842.61921744 27.337
 76 105.266915  11.935014     3.338     3.459  4 54877.61923010 27.102
 77 105.267997  11.934264     2.759     2.801  5 54912.61922164 30.772
 78 105.266335  11.934166     4.544     3.307  5 54947.61922278 32.679
 79 105.266652  11.935386     5.488     5.482  5 54982.61924873 45.643
 80 105.269038  11.934028     6.832     6.755  5 55017.61924686 48.327
 81 105.269512  11.935926    12.942    12.936  5 55052.61924274 45.138
 82 105.268577  11.936213    13.368    13.518  5 55087.61920593 23.609
 83 105.269180  11.935468    12.579    12.566  4 55122.61917779 23.094
 84 105.267906  11.935827     8.051     8.003  5 55157.61916591 23.302
 85 105.267158  11.934600     4.596     4.586  5 55192.61916763 39.386
 86 105.268186  11.935383     3.536     3.524  5 55227.61916732 39.457
 87 105.269116  11.935204     2.714     2.580  4 55262.61916271 27.604
 88 105.269304  11.936187     2.973     2.861  5 55297.61915173 26.300
 89 105.267258  11.933577     2.992     2.945  5 55332.61914252 43.555
 90 105.269470  11.934814     5.576     4.072  5 55367.61913436 29.261
 91 105.268036  11.934994     6.280     6.270  5 55402.61914922 36.551
 92 105.270528  11.934514    11.181    11.199  4 55437.61915229 25.042
 93 105.270295  11.935412    12.020    11.378  5 55472.61910148 20.769
