# NaN NaN NaN ;Mean Elev.(m), Avg Gradient(m/km), RMS Gradient(m/km) - SRTM1     
#  124.753   0.288   4.729 ;Mean Elev.(m), Avg Gradient(m/km), RMS Gradient(m/km) - ASTER GDEM
#  136.045   0.237   3.238 ;Mean Elev.(m), Avg Gradient(m/km), RMS Gradient(m/km) - GMTED2010 
  8 104.786310  17.128768   141.219   141.241  5 52478.61832830 50.587
  9 104.795671  17.150668   142.335   142.345  4 52513.61827602 48.655
 10 104.786457  17.131877   138.194   138.182  5 52548.61831582 50.908
 11 104.792353  17.141937   135.572   135.541  6 52583.61831317 50.164
 12 104.788191  17.135215   134.315   134.297  5 52618.61828765 49.035
 13 104.795076  17.147272   134.242   134.099  5 52653.61826768 41.837
 14 104.791668  17.139334   132.920   132.872  5 52688.61826504 49.575
 15 104.789858  17.136583   134.197   132.488  5 52723.61831020 38.147
 16 104.782867  17.121341   132.286   132.304  4 52758.61832804 47.754
 17 104.790606  17.138962   133.848   133.823  6 52793.61828491 45.652
 18 104.792188  17.141394   142.499   142.394  5 52828.61835280 27.701
 19 104.793972  17.143975   137.685   137.685  5 52863.61839806 43.915
 20 104.788750  17.135994   142.895   142.877  5 52898.61842609 25.392
 21 104.788673  17.136642   134.941   134.953  5 52933.61837102 50.772
 22 104.789174  17.137376   133.227   133.234  5 52968.61838158 49.118
 23 104.785296  17.128264   134.109   132.491  5 53003.61840133 47.610
 24 104.788303  17.132743   140.029   142.595  4 53038.61835155 36.724
 25 104.788454  17.133704   131.761   131.785  5 53073.61838001 47.826
 26 104.788891  17.133196   133.310   131.688  5 53108.61835169 42.913
 27 104.788089  17.134399   132.987   132.987  5 53143.61839046 43.486
 28 104.791044  17.140699   142.837   143.001  5 53178.61841033 23.931
 29 104.788462  17.133389   139.483   139.461  5 53213.61842996 50.771
 30 104.791090  17.138420   141.252   141.241  5 53248.61840006 49.928
 31 104.785974  17.128004   138.510   138.477  5 53283.61839110 50.991
 32 104.792359  17.142742   134.419   134.418  5 53318.61838889 51.204
 33 104.794104  17.146383   133.162   133.163  4 53353.61835600 43.795
 34 104.788127  17.132412   132.599   132.601  4 53388.61835246 52.819
 35 104.794511  17.145318   132.188   132.155  5 53423.61835435 50.816
 36 104.792176  17.141196   132.504   132.522  5 53458.61835879 50.326
 37 104.784387  17.125460   132.405   132.379  4 53493.61844146 42.207
 38 104.793506  17.144278   133.281   133.280  4 53528.61842236 50.233
 39 104.785771  17.129665   142.773   142.555  5 53563.61844960 28.376
 40 104.792984  17.143288   142.762   142.738  4 53598.61839265 37.628
 42 104.786004  17.130899   135.546   135.554  5 53668.61840828 51.828
 43 104.794109  17.145233   133.955   133.939  5 53703.61835224 51.115
 44 104.795476  17.148462   132.831   132.856  5 53738.61826220 51.111
 45 104.793526  17.144114   140.982   141.058  4 53773.61827711 24.442
 46 104.793380  17.144645   131.879   131.735  5 53808.61826298 31.409
 48 104.791665  17.140343   132.701   132.729  6 53878.61833227 46.572
 49 104.784785  17.128334   134.238   134.252  5 53913.61838434 51.466
 50 104.784131  17.125090   143.185   143.230  4 53948.61839645 29.617
 51 104.790140  17.138579   140.456   140.424  5 53983.61833883 45.409
 52 104.789702  17.138527   138.477   138.510  5 54018.61837050 50.640
 53 104.795779  17.150310   134.321   134.327  5 54053.61836433 50.338
 54 104.791799  17.140408   134.391   132.806  5 54088.61835407 43.948
 55 104.789047  17.136206   134.252   136.096  5 54123.61827643 44.085
 56 104.789395  17.137171   132.152   132.148  5 54158.61831799 49.110
 57 104.789089  17.135695   134.226   134.780  6 54193.61827755 35.159
 58 104.789693  17.136474   132.235   132.297  6 54228.61833003 38.023
 59 104.789894  17.138510   140.756   142.830  5 54263.61834921 41.095
 60 104.790530  17.139712   135.421   135.387  5 54298.61835348 48.149
 61 104.791471  17.140761   139.180   139.183  5 54333.61834360 45.827
 63 104.790609  17.138906   136.335   136.333  5 54403.61828669 49.000
 64 104.787997  17.133933   133.520   133.549  5 54438.61824289 51.144
 65 104.791040  17.140123   132.652   132.661  5 54473.61827295 51.373
 66 104.789163  17.136564   142.569   143.046  6 54508.61825467 33.034
 67 104.790864  17.140199   131.976   132.130  5 54543.61828731 43.065
 68 104.789798  17.137370   132.025   132.040  6 54578.61825649 43.107
 69 104.791286  17.137908   134.136   134.064  5 54613.61827766 49.581
 70 104.789212  17.136603   137.481   137.505  5 54648.61828506 51.489
 71 104.790722  17.138215   141.781   141.784  5 54683.61828450 49.234
 72 104.789567  17.136786   140.456   140.442  6 54718.61823149 47.273
 73 104.789485  17.137985   137.427   137.424  5 54753.61825747 44.350
 74 104.788868  17.134025   135.641   135.626  5 54788.61822238 49.717
 75 104.790071  17.137674   133.519   133.525  5 54823.61825244 44.857
 76 104.789341  17.137586   141.866   141.972  5 54858.61821798 27.604
 77 104.789732  17.136454   132.507   132.503  6 54893.61825403 48.594
 78 104.788251  17.132544   142.846   143.013  5 54928.61821557 28.578
 79 104.789148  17.137254   132.780   132.829  5 54963.61825458 40.428
 80 104.788500  17.134000   135.303   135.264  4 54998.61827434 50.415
 81 104.789355  17.136745   140.097   140.109  6 55033.61826315 48.249
 82 104.791413  17.138918   141.405   141.542  5 55068.61825231 36.385
 83 104.788388  17.131801   142.839   143.121  5 55103.61818996 22.865
 84 104.790316  17.137833   142.163   142.339  6 55138.61819871 20.151
 85 104.788947  17.136506   133.008   133.049  5 55173.61815937 50.713
 86 104.790055  17.136286   133.743   132.110  5 55208.61819354 42.742
 87 104.788539  17.135264   136.548   135.899  5 55243.61816388 30.132
 88 104.790218  17.138210   131.951   131.956  5 55278.61818738 51.404
 89 104.789476  17.137447   132.084   132.142  5 55313.61815105 51.402
 90 104.791053  17.138284   133.083   133.092  5 55348.61815851 42.842
 91 104.788868  17.134954   134.820   134.837  6 55383.61814879 50.493
 92 104.790105  17.138643   143.379   143.269  5 55418.61817736 29.463
 93 104.791251  17.141047   139.361   139.347  5 55453.61815754 49.208
 94 104.792693  17.142990   138.379   138.342  5 55488.61807818 49.333
