# NaN NaN NaN ;Mean Elev.(m), Avg Gradient(m/km), RMS Gradient(m/km) - SRTM1     
#  147.155  -5.416  20.490 ;Mean Elev.(m), Avg Gradient(m/km), RMS Gradient(m/km) - ASTER GDEM
#  150.432  -4.927  21.941 ;Mean Elev.(m), Avg Gradient(m/km), RMS Gradient(m/km) - GMTED2010 
  8 103.790042  18.346913   155.170   155.103  3 52497.62053485 40.652
 10 103.789355  18.346642   147.998   148.145  3 52567.62054632 47.120
 11 103.784085  18.346352   146.747   146.747  2 52602.62054694 32.693
 12 103.782644  18.347104   146.146   145.839  3 52637.62051784 43.596
 13 103.786629  18.345401   145.232   145.187  3 52672.62051919 49.704
 14 103.786446  18.345096   144.632   144.595  3 52707.62052405 48.779
 15 103.783027  18.345714   144.327   144.327  2 52742.62055499 48.901
 17 103.781836  18.346474   147.475   147.498  3 52812.62057584 47.139
 18 103.784358  18.346601   150.540   150.506  3 52847.62063003 50.824
 19 103.783810  18.346701   155.556   155.388  3 52882.62066635 23.561
 20 103.789932  18.345989   149.367   149.367  2 52917.62062285 50.553
 21 103.789875  18.346285   146.037   146.136  3 52952.62058462 49.979
 22 103.795129  18.345500   144.339   144.297  3 52987.62059723 49.279
 23 103.793318  18.344890   144.269   144.449  3 53022.62058552 49.212
 24 103.793280  18.346029   143.540   143.479  3 53057.62057864 50.895
 25 103.780888  18.346659   143.897   143.939  3 53092.62061675 47.548
 26 103.789425  18.345578   145.000   144.970  3 53127.62058753 45.931
 28 103.787851  18.346420   149.299   149.356  3 53197.62065204 46.664
 29 103.795247  18.344613   153.275   153.327  3 53232.62062831 46.467
 30 103.788863  18.344933   154.475   154.450  3 53267.62059704 45.762
 31 103.777035  18.346325   153.762   153.623  3 53302.62065307 21.063
 32 103.786778  18.346781   145.734   145.658  3 53337.62062267 47.407
 33 103.791594  18.345821   145.227   145.227  2 53372.62055693 49.196
 34 103.788690  18.345190   144.627   144.767  3 53407.62059534 49.638
 35 103.789830  18.344745   144.955   144.284  3 53442.62058019 30.452
 36 103.780402  18.346359   145.108   145.108  2 53477.62065286 47.033
 37 103.786385  18.345706   144.792   144.792  2 53512.62066422 52.125
 38 103.782729  18.345575   149.899   149.907  3 53547.62068210 43.285
 39 103.788194  18.345919   155.009   154.960  3 53582.62065040 27.054
 40 103.786020  18.347075   154.316   154.193  3 53617.62060649 45.594
 41 103.786413  18.345721   154.166   154.166  2 53652.62062529 17.798
 42 103.783382  18.346385   147.785   147.785  2 53687.62062727 50.056
 43 103.792104  18.345330   145.993   145.993  2 53722.62055213 21.130
 44 103.793196  18.345170   144.502   144.635  3 53757.62048659 48.399
 45 103.791976  18.345288   144.073   144.073  2 53792.62051031 47.268
 46 103.789282  18.346472   143.682   143.728  3 53827.62047784 48.365
 47 103.782972  18.345362   144.988   145.017  3 53862.62056369 45.274
 48 103.787079  18.345714   147.052   147.052  2 53897.62058594 46.411
 49 103.777097  18.346444   149.435   149.432  3 53932.62063441 49.669
 50 103.781895  18.345652   152.262   152.262  2 53967.62060765 46.262
 51 103.787450  18.345221   150.563   150.561  3 54002.62057385 49.995
 52 103.789136  18.346206   148.555   148.584  3 54037.62061110 47.122
 53 103.788865  18.345982   145.700   145.852  3 54072.62060512 32.316
 54 103.788572  18.345838   144.792   144.792  2 54107.62055422 46.573
 55 103.785668  18.346444   144.098   144.098  2 54142.62054089 51.365
 56 103.787684  18.346599   143.696   143.640  3 54177.62053709 48.768
 57 103.784990  18.346561   144.896   144.864  3 54212.62054795 47.832
 58 103.785960  18.346354   156.514   156.514  2 54247.62057727 25.276
 60 103.789469  18.345171   151.119   151.069  3 54317.62058401 47.196
 61 103.789276  18.345727   153.606   153.606  2 54352.62054977 43.035
 62 103.788040  18.345665   152.559   152.566  3 54387.62052377 44.979
 63 103.787771  18.346737   146.913   146.982  3 54422.62049958 39.914
 64 103.786793  18.345518   145.578   145.578  2 54457.62049769 48.353
 65 103.789129  18.346021   144.204   144.389  3 54492.62050230 49.871
 66 103.788419  18.346263   144.361   144.400  3 54527.62051043 46.271
 67 103.788407  18.345746   144.770   144.853  3 54562.62051021 49.947
 68 103.786976  18.345586   148.243   145.690  3 54597.62050657 39.179
 69 103.785936  18.345714   155.617   155.617  2 54632.62051959 25.124
 70 103.785681  18.346920   154.064   154.178  3 54667.62052534 48.405
 71 103.790262  18.345060   154.600   154.570  3 54702.62049134 44.317
 72 103.786316  18.345123   151.008   151.062  3 54737.62048611 48.127
 73 103.789613  18.344916   148.981   148.996  3 54772.62047175 50.138
 74 103.784938  18.346032   146.313   146.190  3 54807.62047953 48.841
 75 103.787955  18.346391   145.047   145.127  3 54842.62046940 51.409
 76 103.785604  18.345540   144.743   145.010  3 54877.62048174 47.650
 77 103.787060  18.346278   144.186   144.272  3 54912.62047360 47.297
 78 103.784611  18.346216   144.619   144.646  3 54947.62047474 48.205
 79 103.785499  18.346012   147.092   147.092  2 54982.62050037 46.094
 80 103.787561  18.346161   155.279   155.407  3 55017.62049882 29.349
 81 103.788914  18.344744   154.909   154.878  3 55052.62049406 33.680
 82 103.788420  18.345251   150.069   150.073  3 55087.62045724 50.487
 83 103.787746  18.345915   147.722   147.798  3 55122.62042943 52.481
 84 103.787142  18.346231   145.460   145.460  2 55157.62041755 48.746
 85 103.785152  18.346684   144.651   144.671  3 55192.62041960 48.826
 86 103.787432  18.345986   144.668   144.668  2 55227.62041896 49.713
 87 103.787946  18.345510   143.471   143.605  3 55262.62041435 50.416
 88 103.789075  18.344978   143.946   144.030  3 55297.62040305 47.072
 89 103.785846  18.345895   144.481   144.466  3 55332.62039448 48.296
 90 103.788166  18.347019   145.226   145.200  3 55367.62038632 39.967
 91 103.786151  18.346987   150.752   150.690  3 55402.62040118 49.415
 92 103.789626  18.345098   152.793   152.812  3 55437.62040393 43.439
 93 103.789811  18.346068   154.853   154.853  2 55472.62035312 21.727
