# NaN NaN NaN ;Mean Elev.(m), Avg Gradient(m/km), RMS Gradient(m/km) - SRTM1     
#  129.304  -2.738  27.822 ;Mean Elev.(m), Avg Gradient(m/km), RMS Gradient(m/km) - ASTER GDEM
#  141.145  -2.363  28.223 ;Mean Elev.(m), Avg Gradient(m/km), RMS Gradient(m/km) - GMTED2010 
  7 104.100131  18.132844   145.903   145.893  6 52444.13535571 41.869
  8 104.103409  18.125280   150.455   150.493  5 52479.13535064 27.284
  9 104.110502  18.109906   149.617   149.564  4 52514.13529900 27.827
 10 104.105524  18.119174   146.138   146.116  6 52549.13534170 41.431
 11 104.110084  18.110614   144.074   144.063  4 52584.13533323 43.263
 12 104.103339  18.123852   142.619   142.625  6 52619.13530812 39.605
 13 104.112638  18.106034   142.899   142.871  3 52654.13529323 45.974
 14 104.105746  18.118791   141.478   141.490  6 52689.13528751 46.089
 15 104.107128  18.115857   140.784   140.795  5 52724.13533318 49.050
 16 104.098312  18.137029   142.944   142.541  5 52759.13534908 29.175
 17 104.110513  18.109046   142.213   142.222  4 52794.13530820 43.528
 18 104.111932  18.107693   146.433   144.693  4 52829.13537575 39.319
 19 104.112882  18.107159   145.836   145.849  4 52864.13542052 39.245
 20 104.105261  18.121197   150.154   149.919  6 52899.13544735 30.295
 21 104.103576  18.123819   143.538   143.470  5 52934.13539118 50.282
 22 104.107639  18.115010   141.468   141.508  5 52969.13540619 48.361
 23 104.102189  18.127219   140.825   140.699  5 53004.13542379 48.259
 24 104.102426  18.126011   147.029   147.235  5 53039.13537319 17.434
 25 104.104460  18.121285   140.158   140.197  6 53074.13540396 48.008
 26 104.102612  18.126727   141.159   140.244  6 53109.13537298 33.294
 27 104.106322  18.118897   141.573   141.592  5 53144.13541449 47.763
 28 104.108447  18.112606   150.750   150.846  5 53179.13543231 28.173
 30 104.105975  18.119063   150.178   150.036  5 53249.13542214 28.793
 31 104.104709  18.120548   148.493   148.229  5 53284.13541640 25.690
 33 104.109567  18.111762   141.470   141.470  5 53354.13537658 38.186
 34 104.107391  18.116223   141.052   140.963  6 53389.13537739 50.852
 35 104.110725  18.110281   140.321   140.356  4 53424.13537751 51.846
 36 104.111693  18.107549   140.363   140.364  3 53459.13538295 23.917
 37 104.102377  18.127942   141.066   141.036  5 53494.13546438 46.933
 38 104.110672  18.109706   150.997   151.075  3 53529.13544378 30.286
 39 104.102019  18.127461   145.489   145.498  5 53564.13547135 45.245
 40 104.108005  18.113899   151.335   151.193  5 53599.13541501 27.256
 41 104.105326  18.120195   149.660   149.649  5 53634.13541008 45.374
 42 104.103686  18.124781   144.049   144.056  6 53669.13543118 48.607
 43 104.110246  18.111176   142.153   142.153  4 53704.13537320 40.485
 44 104.108513  18.113296   141.101   141.069  5 53739.13528196 47.892
 45 104.111404  18.108652   140.653   140.643  4 53774.13530083 47.973
 46 104.107753  18.114937   140.858   140.698  5 53809.13528429 45.442
 48 104.110185  18.112193   150.744   150.715  4 53879.13535495 26.945
 49 104.102547  18.126606   147.525   145.629  5 53914.13540733 32.677
 50 104.100919  18.131720   150.270   150.323  6 53949.13541813 27.668
 51 104.105384  18.118966   149.875   150.201  5 53984.13535989 25.159
 52 104.109097  18.113346   147.017   147.020  5 54019.13539405 46.870
 53 104.113688  18.104409   142.325   142.286  3 54054.13538663 48.474
 54 104.107273  18.116181   140.994   141.010  6 54089.13537594 40.388
 55 104.109384  18.112215   140.471   140.485  4 54124.13529938 50.422
 56 104.106571  18.118358   142.890   140.512  6 54159.13534077 24.998
 57 104.108670  18.114141   142.008   140.009  5 54194.13530206 23.765
 58 104.107382  18.116617   140.909   141.100  5 54229.13535273 49.936
 59 104.107608  18.114709   141.423   141.389  5 54264.13537152 48.416
 60 104.108120  18.113903   143.957   143.950  5 54299.13537538 52.083
 61 104.107199  18.115834   150.506   150.991  5 54334.13536553 30.095
 63 104.106735  18.116600   144.845   144.851  6 54404.13530940 44.686
 64 104.108667  18.113825   141.643   141.649  5 54439.13526692 51.885
 65 104.108815  18.112920   140.666   140.690  5 54474.13529637 50.476
 66 104.108878  18.113708   140.673   140.670  4 54509.13527938 47.669
 67 104.107746  18.116032   140.479   140.436  5 54544.13531003 43.032
 68 104.108414  18.116099   140.515   140.410  5 54579.13527830 48.534
 69 104.107931  18.115153   142.357   142.364  6 54614.13530025 48.178
 70 104.106906  18.117813   149.433   150.025  5 54649.13530905 26.678
 71 104.106465  18.116972   151.114   151.207  6 54684.13530649 29.637
 72 104.109794  18.112340   149.539   149.537  5 54719.13525415 47.713
 73 104.107383  18.117292   145.765   145.759  5 54754.13528042 42.342
 74 104.108019  18.115050   143.872   143.882  6 54789.13524761 50.348
 75 104.108422  18.115608   141.554   141.542  5 54824.13527559 46.848
 76 104.109586  18.111430   140.915   140.928  4 54859.13524111 49.946
 77 104.105921  18.119740   141.179   140.428  6 54894.13527714 43.490
 78 104.107548  18.117265   140.442   140.418  5 54929.13523952 46.311
 79 104.106696  18.116145   141.018   141.009  5 54964.13527698 48.217
 80 104.105456  18.121013   145.155   144.592  6 54999.13529701 37.470
 81 104.107708  18.115874   148.378   148.373  6 55034.13528501 44.614
 82 104.106771  18.117482   147.040   147.054  5 55069.13527382 48.172
 83 104.107474  18.116245   150.755   150.682  5 55104.13521436 22.012
 84 104.107372  18.117033   142.036   142.020  5 55139.13522178 50.602
 85 104.109364  18.113434   141.069   141.043  5 55174.13518239 49.447
 86 104.107333  18.115165   140.265   140.240  5 55209.13521701 51.210
 87 104.107815  18.116192   146.027   147.312  5 55244.13518813 20.480
 88 104.106382  18.118476   147.366   147.252  5 55279.13520987 18.281
 89 104.107192  18.115835   140.296   140.304  5 55314.13517406 47.074
 90 104.106883  18.115848   150.245   150.446  5 55349.13518144 23.471
 91 104.107486  18.115509   143.096   143.077  5 55384.13517361 43.172
 92 104.107847  18.113958   150.787   151.651  5 55419.13520022 31.241
 93 104.106711  18.117721   148.287   148.288  5 55454.13517860 46.459
 94 104.106254  18.117384   146.303   146.290  6 55489.13509893 45.160
