# NaN NaN NaN ;Mean Elev.(m), Avg Gradient(m/km), RMS Gradient(m/km) - SRTM1     
# NaN NaN NaN ;Mean Elev.(m), Avg Gradient(m/km), RMS Gradient(m/km) - ASTER GDEM
#   10.756  -4.986  10.442 ;Mean Elev.(m), Avg Gradient(m/km), RMS Gradient(m/km) - GMTED2010 
  6 105.626874  12.297179    14.810    13.914  3 52438.12850259 22.653
  7 105.631385  12.296824    15.853    15.809  3 52473.12850261 22.176
  8 105.635578  12.295486    18.942    18.987  4 52508.12847319 37.078
  9 105.643359  12.290940    18.046    17.962  5 52543.12845829 33.029
 10 105.632095  12.295822    10.774    10.539  3 52578.12850819 22.697
 11 105.632176  12.296771     8.795     7.242  4 52613.12847303 26.701
 12 105.637593  12.294859     8.059     6.199  4 52648.12845588 29.327
 13 105.641631  12.293266     4.915     4.941  4 52683.12843113 33.072
 14 105.633509  12.296089     4.347     4.290  3 52718.12848767 32.214
 15 105.623368  12.298590    12.072    12.072  2 52753.12851222 20.025
 16 105.635740  12.294674     8.207     6.051  3 52788.12845839 23.709
 17 105.636680  12.294235    10.209     8.739  4 52823.12853017 23.049
 18 105.638830  12.293505    15.316    15.310  4 52858.12857691 17.003
 19 105.632132  12.295431    16.411    16.345  3 52893.12860849 31.958
 20 105.631767  12.297091    13.274    13.275  3 52928.12855928 22.525
 21 105.642049  12.293271     7.371     7.407  4 52963.12853696 30.944
 22 105.631198  12.296149     7.693     5.413  3 52998.12857585 24.196
 23 105.632225  12.295452     4.194     4.237  3 53033.12853107 37.168
 24 105.637810  12.295501     3.719     3.719  4 53068.12854414 34.269
 25 105.631164  12.296283     3.448     3.456  3 53103.12853296 26.561
 26 105.639377  12.294733     4.552     4.544  4 53138.12854762 39.238
 27 105.634257  12.295898    14.754    14.757  4 53173.12859120 18.367
 28 105.633179  12.294883    14.841    15.368  3 53208.12860710 18.072
 29 105.636896  12.293286    16.925    16.730  4 53243.12857482 28.265
 30 105.636280  12.293801    15.750    15.413  4 53278.12855064 31.074
 31 105.633848  12.296016    13.972    13.855  3 53313.12858076 18.726
 32 105.637096  12.294988     8.903     6.774  3 53348.12854663 21.994
 33 105.637712  12.295668     4.624     4.700  4 53383.12851431 42.834
 34 105.642476  12.292608     3.951     3.956  5 53418.12852622 35.560
 35 105.639393  12.294930     3.520     3.528  4 53453.12852860 39.010
 36 105.628664  12.298494     9.126     9.126  2 53488.12861315 22.912
 39 105.641037  12.292129    17.821    17.831  4 53593.12856649 23.159
 40 105.631261  12.296959    17.891    17.785  3 53628.12855701 38.080
 41 105.633095  12.297190    15.170    14.803  3 53663.12858189 20.940
 42 105.635546  12.295043    13.845    13.412  3 53698.12854470 20.027
 43 105.638503  12.295126     8.259     6.514  4 53733.12846706 32.086
 44 105.641427  12.293072     4.664     4.666  5 53768.12844641 40.938
 45 105.638215  12.293005     3.890     3.893  4 53803.12844465 39.925
 46 105.636415  12.296031     4.044     4.062  4 53838.12845891 38.420
 48 105.631541  12.295674     6.279     6.260  3 53908.12855105 47.396
 49 105.626374  12.297219    15.525    15.305  3 53943.12857617 27.511
 50 105.632656  12.296691    17.217    17.216  3 53978.12852799 40.548
 51 105.638772  12.295073    16.662    16.285  4 54013.12853720 40.757
 52 105.642087  12.293527    10.027    10.071  4 54048.12854670 40.741
 54 105.634593  12.296581     7.455     5.074  3 54118.12846884 30.157
 57 105.635141  12.295952     4.534     4.543  3 54223.12850213 43.717
 58 105.635800  12.295252     6.624     6.632  3 54258.12852414 49.412
 59 105.636668  12.294287    14.538    14.527  4 54293.12852745 18.602
 60 105.637406  12.295358    15.627    15.442  4 54328.12852230 21.673
 61 105.634905  12.296056    15.162    15.673  4 54363.12847046 22.821
 62 105.637963  12.295614    14.196    14.108  4 54398.12846223 32.016
 63 105.636591  12.295205    13.648    13.801  4 54433.12842039 19.589
 64 105.638593  12.294246     9.534     9.359  4 54468.12844482 27.555
 66 105.636982  12.293983     4.205     4.223  4 54538.12846035 45.501
 67 105.636157  12.295968     4.197     4.181  4 54573.12843699 47.509
 68 105.635645  12.294356     8.162     7.043  4 54608.12845338 20.466
 69 105.635195  12.295658    12.159    12.162  4 54643.12846183 31.032
 70 105.634624  12.294735    15.277    15.288  3 54678.12846348 17.645
 71 105.636577  12.295282    14.682    14.779  4 54713.12841648 40.073
 72 105.635294  12.294647    14.512    14.534  4 54748.12843311 41.721
 73 105.636426  12.294959    13.069    13.088  3 54783.12840387 23.488
 74 105.636494  12.294338    10.589    10.389  4 54818.12842526 29.122
 75 105.636163  12.294763     4.943     4.970  3 54853.12840102 36.620
 76 105.634494  12.296181     4.088     4.097  4 54888.12843009 44.179
 77 105.633178  12.296852     3.888     3.869  3 54923.12840043 28.696
 78 105.635322  12.295570     4.631     4.666  3 54958.12842620 44.419
 79 105.633084  12.295057     8.027     8.054  3 54993.12844941 46.135
 80 105.635961  12.295958    14.224    14.210  4 55028.12843940 19.211
 81 105.636253  12.295033    15.382    15.347  4 55063.12843150 25.248
 82 105.633498  12.295766    15.259    14.929  3 55098.12837850 22.028
 83 105.635736  12.295087    11.452    11.486  4 55133.12837587 44.300
 84 105.636694  12.293885    13.791    13.851  4 55168.12834094 16.459
 85 105.635667  12.295462     5.089     5.066  4 55203.12836812 49.235
 86 105.634371  12.295414     4.156     4.216  4 55238.12834887 41.897
 87 105.635362  12.294826     5.564     3.252  4 55273.12836182 25.525
 88 105.635720  12.295234     3.656     3.773  3 55308.12833066 37.946
 89 105.636622  12.293822     3.963     3.969  4 55343.12833132 30.525
 90 105.635880  12.295687     5.023     5.070  4 55378.12832530 42.129
 91 105.636949  12.294949    11.664    11.055  4 55413.12834938 16.163
 92 105.636569  12.295244    15.239    15.271  4 55448.12833906 26.505
 93 105.635714  12.296113    13.605    13.628  4 55483.12826779 41.066
