-193302.120    85.954     0.00    3.23
-192925.457    85.219    -1.95    3.31
-192548.802    84.244    -2.59    3.24
-192172.154    83.091    -3.06    2.85
-191795.514    81.706    -3.68    2.28
-191418.881    80.633    -2.85    2.38
-191042.255    80.369    -0.70    2.23
-190665.636    80.398     0.08    2.48
-190289.025    80.086    -0.83    2.98
-189912.421    77.994    -5.56    4.02
-189535.824    75.655    -6.21    4.24
-189159.235    73.398    -5.99    3.82
-188782.653    70.955    -6.49    2.64
-188406.078    69.937    -2.70    2.37
-188029.510    70.034     0.26    2.88
-187652.950    71.655     4.30    4.43
-187276.397    74.344     7.14    4.79
-186899.851    77.717     8.96    4.49
-186523.313    80.450     7.26    4.35
-186146.782    84.718    11.34    6.55
-185770.258    87.623     7.72    6.48
-185393.742    87.692     0.18    8.92
-185017.232    82.578   -13.58   13.27
-184640.730    76.244   -16.82   12.54
-184264.236    69.655   -17.50    8.46
-183887.748    65.692   -10.53    8.29
-183511.268    61.680   -10.66   11.33
-183134.795    55.623   -16.09   11.41
-182758.329    51.318   -11.44   10.73
-182381.871    47.808    -9.32    8.80
-182005.420    46.296    -4.02    6.90
-181628.976    47.644     3.58    7.24
-181252.539    49.603     5.20    6.75
-180876.110    48.219    -3.68    7.15
-180499.687    45.402    -7.48    7.22
-180123.272    44.244    -3.08    6.82
-179746.865    41.613    -6.99    4.85
-179370.464    41.269    -0.91    4.45
-178994.071    42.569     3.45    5.18
-178617.685    43.411     2.24    5.73
-178241.306    43.639     0.61    5.44
-177864.935    44.082     1.18    5.20
-177488.570    42.758    -3.52    4.82
-177112.213    42.244    -1.36    5.12
-176735.864    42.578     0.89    4.86
-176359.521    42.644     0.18    4.91
-175983.186    43.014     0.98    4.77
-175606.857    43.297     0.75    4.57
-175230.536    44.065     2.04    5.90
-174854.223    45.665     4.25    6.51
-174477.916    46.854     3.16    7.30
-174101.617    50.962    10.92    9.16
-173725.325    53.619     7.06    9.16
-173349.040    53.962     0.91    9.10
-172972.762    55.475     4.02    8.73
-172596.492    56.594     2.97    8.34
-172220.228    57.650     2.81    8.98
-171843.972    58.501     2.26    8.67
-171467.723    56.797    -4.53    8.11
-171091.481    54.296    -6.65    6.95
-170715.247    52.669    -4.32    6.54
-170339.020    49.772    -7.70    7.60
-169962.799    47.731    -5.43    8.16
-169586.586    44.028    -9.84    8.74
-169210.381    40.732    -8.76    6.96
-168834.182    38.194    -6.74    4.62
-168457.991    37.839    -0.94    5.44
-168081.806    40.952     8.28    8.72
-167705.629    42.398     3.85    9.18
-167329.459    43.481     2.88    8.43
-166953.297    43.869     1.03    7.55
-166577.141    44.014     0.38    7.49
-166200.993    40.919    -8.23    5.12
-165824.851    40.481    -1.16    6.44
-165448.717    40.594     0.30    8.16
-165072.590    44.731    11.00   13.12
-164696.470    51.805    18.81   16.87
-164320.358    63.450    30.96   17.58
-163944.252    78.911    41.11   17.68
-163568.154   103.429    65.19   38.47
-163192.063   134.680    83.10   53.36
-162815.979   154.680    53.18   46.17
-162439.902   162.962    22.02   43.64
-162063.832   154.731   -21.89   40.79
-161687.769   148.380   -16.89   38.04
-161311.714   145.001    -8.98   36.79
-160935.666   128.444   -44.03   35.38
-160559.624   113.244   -40.42   32.60
-160183.590    97.613   -41.57   18.52
-159807.563    88.469   -24.32    9.63
-159431.544    84.323   -11.03    6.24
-159055.531    80.094   -11.25    5.37
-158679.525    77.552    -6.76    5.31
-158303.527    76.455    -2.92    4.42
-157927.535    75.757    -1.86    5.52
-157551.551    77.014     3.34    5.86
-157175.574    78.519     4.01    6.00
-156799.604    77.298    -3.25    6.11
-156423.641    76.074    -3.26    5.80
-156047.685    74.008    -5.50    6.84
-155671.737    71.271    -7.28    4.98
-155295.795    70.321    -2.53    4.43
-154919.861    71.271     2.53    4.51
-154543.933    72.116     2.25    4.51
-154168.013    72.718     1.60    5.44
-153792.100    73.718     2.66    5.18
-153416.194    72.955    -2.03    5.07
-153040.295    72.328    -1.67    5.46
-152664.403    72.069    -0.69    5.72
-152288.518    71.014    -2.81    6.41
-151912.640    69.771    -3.31    5.74
-151536.769    68.544    -3.26    4.63
-151160.906    67.578    -2.57    4.03
-150785.049    66.469    -2.95    3.43
-150409.200    64.850    -4.31    3.24
-150033.357    64.450    -1.06    3.53
-149657.522    62.955    -3.98    3.46
-149281.694    61.808    -3.05    3.95
-148905.873    60.194    -4.30    3.96
-148530.058    57.661    -6.74    4.00
-148154.251    55.771    -5.03    3.96
-147778.451    53.876    -5.04    3.71
-147402.658    51.350    -6.72    3.43
-147026.873    49.142    -5.88    3.57
-146651.094    48.073    -2.84    3.59
-146275.322    47.719    -0.94    3.29
-145899.557    47.783     0.17    3.38
-145523.800    48.552     2.05    3.57
-145148.049    49.014     1.23    3.12
-144772.305    48.866    -0.39    3.56
-144396.569    49.415     1.46    4.46
-144020.839    50.424     2.68    5.95
-143645.117    51.937     4.03    6.98
-143269.401    56.271    11.54   11.35
-142893.693    62.344    16.17   13.88
-142517.992    72.294    26.49   14.31
-142142.297    78.692    17.03   12.77
-141766.610    80.294     4.27   14.09
-141390.930    78.091    -5.87   16.06
-141015.256    75.344    -7.31   15.28
-140639.590    69.844   -14.64   13.63
-140263.931    67.488    -6.27   11.59
-139888.279    64.434    -8.13   10.27
-139512.633    60.407   -10.72    9.08
-139136.995    57.644    -7.35    9.59
-138761.364    54.369    -8.72    7.84
-138385.740    53.665    -1.87    9.96
-138010.123    52.444    -3.25   11.66
-137634.512    50.271    -5.79   11.60
-137258.909    46.619    -9.72    9.99
-136883.313    42.834   -10.08    6.76
-136507.724    40.323    -6.69    5.92
-136132.142    39.680    -1.71    5.83
-135756.566    39.008    -1.79    5.68
-135380.998    38.805    -0.54    6.06
-135005.437    38.350    -1.21    6.01
-134629.883    38.344    -0.01    6.17
-134254.335    38.797     1.21    6.34
-133878.795    39.008     0.56    5.89
-133503.262    39.757     2.00    5.57
-133127.736    40.055     0.79    5.64
-132752.216    41.296     3.30    6.64
-132376.704    42.139     2.25    7.71
-132001.198    43.771     4.35   10.25
-131625.700    46.113     6.24   11.78
-131250.209    49.217     8.27   14.18
-130874.724    52.119     7.73   16.53
-130499.246    55.014     7.71   18.51
-130123.776    56.665     4.40   19.06
-129748.312    56.808     0.38   18.69
-129372.856    56.475    -0.89   18.43
-128997.406    55.769    -1.88   18.06
-128621.963    54.757    -2.70   17.63
-128246.527    56.519     4.69   15.77
-127871.098    57.455     2.49   13.93
-127495.677    59.629     5.79   12.09
-127120.262    62.619     7.97   10.94
-126744.854    63.133     1.37   12.28
-126369.452    64.639     4.01   13.81
-125994.058    65.323     1.82   14.03
-125618.671    64.429    -2.38   14.26
-125243.291    65.219     2.11   13.08
-124867.917    65.297     0.21   11.48
-124492.551    65.219    -0.21   11.73
-124117.191    67.613     6.38   10.10
-123741.839    69.718     5.61    8.29
-123366.493    71.569     4.93    6.33
-122991.154    70.407    -3.10    8.31
-122615.703    61.319   -24.20   14.30
-122238.995    51.586   -25.84   16.25
-121862.295    45.885   -15.14   14.12
-121485.601    42.086   -10.09    9.91
-121108.914    44.398     6.14    9.73
-120732.234    49.594    13.80    6.21
-120355.561    50.955     3.61    4.99
-119978.895    52.469     4.02    5.68
-119602.236    55.613     8.35    5.97
-119225.584    58.569     7.85    6.07
-118848.939    65.469    18.32   12.08
-118472.300    73.515    21.36   14.12
-118095.669    76.542     8.04   12.71
-117719.045    77.298     2.01   12.15
-117342.427    73.344   -10.50   11.91
-116965.817    68.119   -13.87    9.40
-116589.214    64.323   -10.08    7.76
-116212.617    61.294    -8.04    6.07
-115836.027    58.797    -6.63    4.75
-115459.445    57.167    -4.33    4.26
-115082.869    56.069    -2.92    5.02
-114706.300    55.876    -0.51    5.22
-114329.738    55.594    -0.75    4.77
-113953.183    54.613    -2.61    4.30
-113576.635    55.619     2.67    4.22
-113200.094    58.771     8.37    8.82
-112823.560    68.781    26.59   17.03
-112447.032    74.860    16.15   15.83
-112070.512    77.731     7.63   14.64
-111693.999    72.619   -13.58   14.54
-111317.492    64.398   -21.84    6.71
-110940.992    62.369    -5.39    4.75
-110564.500    61.044    -3.52    4.72
-110188.014    60.082    -2.56    4.07
-109811.535    60.352     0.72    4.82
-109435.063    62.812     6.53    6.03
-109058.597    66.569     9.98    7.65
-108682.139    71.819    13.95    6.71
-108305.688    74.665     7.56    6.32
-107929.243    82.444    20.67   11.38
-107552.806    94.297    31.49   21.26
-107176.375   108.619    38.05   24.94
-106799.951   120.450    31.43   19.32
-106423.534   122.481     5.40   16.39
-106047.124   114.065   -22.36   15.53
-105670.721   106.508   -20.08   11.33
-105294.324   103.819    -7.14    7.91
-104917.935   102.461    -3.61    7.79
-104541.552   101.805    -1.74    7.78
-104165.177   102.732     2.46    6.72
-103788.808   104.008     3.39    7.00
-103412.446   105.193     3.15    5.70
-103036.091   103.629    -4.16    7.98
-102659.742   100.526    -8.24   10.74
-102283.401    94.424   -16.22    9.67
-101907.066    93.165    -3.34    8.71
-101530.739    94.623     3.87   10.15
-101154.418    98.189     9.48    8.60
-100778.104   102.469    11.38    6.82
-100401.797   104.732     6.01    5.29
-100025.496   105.034     0.80    4.43
 -99649.203   103.769    -3.36    6.19
 -99272.916   100.665    -8.25    7.52
 -98896.636    97.569    -8.23    7.77
 -98520.363    94.937    -7.00    7.22
 -98144.097    94.091    -2.25    7.40
 -97767.838    93.167    -2.45    7.54
 -97391.586    92.014    -3.07    8.50
 -97015.340    90.342    -4.44    7.37
 -96639.101    89.704    -1.70    6.46
 -96262.869    88.952    -2.00    5.39
 -95886.644    89.692     1.97    6.15
 -95510.426    88.323    -3.64    7.31
 -95134.214    85.139    -8.46    8.87
 -94758.009    81.702    -9.14    8.67
 -94381.812    78.039    -9.74    3.76
 -94005.620    77.988    -0.14    3.16
 -93629.436    80.613     6.98    5.03
 -93253.259    83.501     7.68    6.58
 -92877.088    86.050     6.78    5.57
 -92500.924    86.475     1.13    3.92
 -92124.767    86.552     0.20    3.71
 -91748.617    86.534    -0.05    3.13
 -91372.473    88.844     6.14    5.09
 -90996.337    93.808    13.20    9.34
 -90620.207    99.321    14.66   12.31
 -90244.084   110.850    30.65   18.49
 -89867.967   122.860    31.93   24.07
 -89491.858   139.323    43.78   24.19
 -89115.755   152.167    34.15   16.96
 -88739.659   151.244    -2.45   22.90
 -88363.570   151.828     1.55   26.15
 -87987.488   143.783   -21.39   29.49
 -87611.412   149.244    14.52   26.23
 -87235.343   154.028    12.72   20.92
 -86859.281   153.060    -2.57   19.62
 -86483.226   141.772   -30.02   25.71
 -86107.177   122.894   -50.20   25.57
 -85731.136   108.885   -37.26   16.10
 -85355.101   102.113   -18.01    4.71
 -84979.072   103.296     3.15    8.03
 -84603.051   105.402     5.60   10.90
 -84227.036   105.167    -0.62   11.21
 -83851.028   106.347     3.14   14.43
 -83475.027   103.719    -6.99   13.25
 -83099.032   103.297    -1.12    7.16
 -82723.045   108.321    13.36   10.67
 -82347.064   114.269    15.82   13.66
 -81971.089   115.994     4.59   15.60
 -81595.122   111.193   -12.77   17.34
 -81219.161   102.808   -22.30   16.60
 -80843.207    96.065   -17.94   12.62
 -80467.260    90.694   -14.29   12.45
 -80091.319    86.187   -11.99    9.70
 -79715.385    81.350   -12.87    6.61
 -79339.458    78.434    -7.76    4.15
 -78963.538    76.876    -4.14    3.74
 -78587.624    74.610    -6.03    4.10
 -78211.717    71.855    -7.33    5.35
 -77835.817    69.220    -7.01    5.10
 -77459.924    66.219    -7.98    4.16
 -77084.037    64.352    -4.97    3.08
 -76708.157    63.937    -1.11    2.92
 -76332.284    64.219     0.75    2.78
 -75956.417    64.519     0.80    2.80
 -75580.557    64.929     1.09    2.64
 -75204.704    64.119    -2.15    3.10
 -74828.857    63.192    -2.47    3.15
 -74453.018    63.098    -0.25    3.05
 -74077.185    63.194     0.26    2.86
 -73701.358    63.883     1.83    2.45
 -73325.538    63.569    -0.84    2.65
 -72949.725    62.955    -1.63    2.85
 -72573.919    61.834    -2.98    3.17
 -72198.120    61.270    -1.50    3.54
 -71822.327    61.014    -0.68    3.38
 -71446.540    61.655     1.71    3.29
 -71070.761    63.704     5.45    4.11
 -70694.988    66.526     7.51    3.85
 -70319.222    68.220     4.51    3.64
 -69943.462    68.569     0.93    2.63
 -69567.709    67.819    -1.99    3.23
 -69191.963    66.639    -3.14    3.55
 -68816.224    65.419    -3.25    3.09
 -68440.491    65.398    -0.06    3.46
 -68064.765    65.169    -0.61    3.30
 -67689.045    65.534     0.97    3.69
 -67313.332    64.860    -1.79    3.94
 -66937.626    64.167    -1.84    4.09
 -66561.927    68.190    10.71    8.37
 -66186.234    71.065     7.65    9.42
 -65810.547    73.039     5.26    8.41
 -65434.868    73.082     0.11    7.53
 -65059.195    70.028    -8.13    6.62
 -64683.529    66.355    -9.78    4.35
 -64307.869    63.219    -8.35    4.22
 -63932.216    61.706    -4.03    3.74
 -63556.570    61.113    -1.58    4.25
 -63180.930    60.808    -0.81    4.69
 -62805.297    60.623    -0.49    4.65
 -62429.671    60.294    -0.87    4.68
 -62054.051    60.244    -0.13    5.22
 -61678.438    61.116     2.32    6.75
 -61302.831    64.692     9.52    6.68
 -60927.231    66.834     5.70    6.52
 -60551.638    67.537     1.87    5.98
 -60176.051    68.001     1.24    6.24
 -59800.471    65.757    -5.97    6.56
 -59424.898    62.771    -7.95    5.40
 -59049.331    62.629    -0.38    5.99
 -58673.771    66.450    10.17    8.75
 -58298.217    73.774    19.50    9.75
 -57922.670    76.552     7.40    8.38
 -57547.130    78.885     6.21    8.03
 -57171.596    81.402     6.70    7.31
 -56796.069    83.544     5.70    9.02
 -56420.549    87.569    10.72    7.26
 -56045.035    88.683     2.97    6.16
 -55669.527    88.578    -0.28    7.08
 -55294.027    86.142    -6.49    8.15
 -54918.532    83.552    -6.90    7.35
 -54543.045    81.911    -4.37    7.36
 -54167.564    79.119    -7.44    5.84
 -53792.090    76.534    -6.89    5.77
 -53416.622    72.219   -11.49    5.39
 -53041.161    67.850   -11.64    5.06
 -52665.706    65.318    -6.74    4.69
 -52290.258    64.044    -3.39    4.51
 -51914.816    65.650     4.28    5.27
 -51539.382    66.109     1.22    5.70
 -51163.953    67.028     2.45    5.12
 -50788.532    67.994     2.57    5.22
 -50413.116    69.194     3.20    6.32
 -50037.708    73.165    10.58    6.78
 -49662.306    76.919    10.00    4.93
 -49286.910    78.190     3.39    4.68
 -48911.521    79.373     3.15    4.27
 -48536.139    80.475     2.94    6.22
 -48160.763    81.008     1.42    7.05
 -47785.394    83.526     6.71    6.84
 -47409.546    84.744     3.24    6.21
 -47032.872    84.683    -0.16    4.67
 -46656.206    83.876    -2.14    4.41
 -46279.546    83.894     0.05    4.45
 -45902.892    84.008     0.30    5.41
 -45526.245    87.323     8.80    5.87
 -45149.605    91.424    10.89    4.60
 -44772.971    94.475     8.10    4.95
 -44396.344    96.039     4.15    4.59
 -44019.724    96.988     2.52    4.41
 -43643.110    96.434    -1.47    5.34
 -43266.502    95.380    -2.80    5.60
 -42889.901    94.300    -2.87    4.39
 -42513.307    93.744    -1.48    3.71
 -42136.720    95.464     4.57    3.38
 -41760.139    96.429     2.56    3.47
 -41383.564    95.669    -2.02    4.22
 -41006.996    95.455    -0.57    5.43
 -40630.435    95.744     0.77    5.42
 -40253.880    96.321     1.53    5.76
 -39877.332    98.165     4.90    6.14
 -39500.790   101.757     9.54    4.09
 -39124.255   103.270     4.02    3.30
 -38747.726   102.994    -0.73    3.00
 -38371.204   100.866    -5.65    4.08
 -37994.689    97.635    -8.58    6.77
 -37618.180    95.113    -6.70    6.85
 -37241.677    92.920    -5.82    7.08
 -36865.182    91.515    -3.73    7.08
 -36488.692    91.939     1.13    6.55
 -36112.210    88.757    -8.45    7.12
 -35735.733    88.065    -1.84    5.55
 -35359.264    87.086    -2.60    5.63
 -34982.800    88.244     3.08    5.11
 -34606.344    90.133     5.02    4.41
 -34229.894    91.014     2.34    3.92
 -33853.450    90.196    -2.17    4.83
 -33477.013    88.190    -5.33    5.75
 -33100.583    85.019    -8.42    6.07
 -32724.159    82.718    -6.11    5.30
 -32347.741    80.885    -4.87    4.44
 -31971.330    78.578    -6.13    4.60
 -31594.926    76.988    -4.22    4.89
 -31218.528    74.113    -7.64    5.72
 -30842.136    70.885    -8.57    5.45
 -30465.751    66.844   -10.74    6.23
 -30089.373    63.407    -9.13    5.26
 -29713.001    63.244    -0.43    5.47
 -29336.636    64.603     3.61    6.77
 -28960.277    67.136     6.73    6.96
 -28583.924    71.001    10.27    7.26
 -28207.578    70.967    -0.09    7.17
 -27831.239    70.394    -1.52    6.19
 -27454.906    71.469     2.86    5.49
 -27078.580    73.450     5.26    5.42
 -26702.260    76.655     8.52    5.14
 -26325.946    79.461     7.46    5.08
 -25949.639    82.783     8.83    6.07
 -25573.339    87.069    11.39    5.86
 -25197.045    91.797    12.56    5.37
 -24820.757    97.398    14.89    5.94
 -24444.476   101.860    11.86    6.35
 -24068.202   106.000    11.00    5.30
 -23691.933   108.797     7.43    3.19
 -23315.672   109.119     0.86    3.28
 -22939.417   107.586    -4.07    4.47
 -22563.168   104.297    -8.74    6.11
 -22186.926   100.655    -9.68    7.05
 -21810.690    95.387   -14.00    7.70
 -21434.461    93.296    -5.56    6.44
 -21058.238    91.876    -3.77    6.17
 -20682.021    92.086     0.56    6.34
 -20305.811    92.136     0.13    5.74
 -19929.608    91.772    -0.97    5.38
 -19553.411    90.819    -2.53    5.91
 -19177.220    90.619    -0.53    6.20
 -18801.036    90.244    -1.00    6.92
 -18424.858    90.294     0.13    7.41
 -18048.687    89.860    -1.16    7.42
 -17672.522    89.669    -0.51    7.42
 -17296.363    87.823    -4.91    7.29
 -16920.211    84.603    -8.56    7.89
 -16544.066    80.902    -9.84    7.86
 -16167.927    78.142    -7.34    6.67
 -15791.794    77.122    -2.71    4.74
 -15415.668    71.380   -15.27   11.10
 -15039.548    61.732   -25.65   19.25
 -14663.435    48.508   -35.16   21.50
 -14287.328    35.086   -35.68   17.82
 -13911.227    23.962   -29.58   11.87
 -13535.133    17.480   -17.24    9.33
 -13159.045    13.319   -11.06    7.46
 -12782.964    10.091    -8.59    4.31
 -12406.889     9.929    -0.43    4.98
 -12030.820     9.116    -2.16    4.66
 -11654.758     8.136    -2.61    3.66
 -11278.702     8.569     1.15    5.14
 -10902.653     7.911    -1.75    5.21
 -10526.610     7.347    -1.50    5.19
 -10150.574     6.694    -1.74    3.33
  -9774.543     7.142     1.19    4.48
  -9398.520     8.244     2.93    6.42
  -9022.502     8.839     1.58    6.35
  -8646.491     8.065    -2.06    5.82
  -8270.487     7.744    -0.85    6.03
  -7894.489     7.193    -1.47    4.72
  -7518.497     7.144    -0.13    3.79
  -7142.511     9.911     7.36    8.01
  -6766.532    13.850    10.48    9.15
  -6390.560    17.461     9.60    8.13
  -6014.593    18.218     2.01    7.25
  -5638.633    15.069    -8.38    8.34
  -5262.680    11.161   -10.40    7.64
  -4886.733     9.319    -4.90    4.99
  -4510.792     9.219    -0.27    5.36
  -4134.857    11.839     6.97    7.63
  -3758.929    12.424     1.56    8.75
  -3383.008    10.508    -5.10    9.29
  -3007.092     7.994    -6.69    8.53
  -2631.183     5.167    -7.52    3.23
  -2255.281     5.069    -0.26    1.66
  -1879.384     5.929     2.29    2.26
  -1503.494     5.927    -0.00    2.15
  -1127.611     6.669     1.97    2.89
   -751.733     4.967    -4.53    4.31
   -375.862     2.812    -5.73    5.39
      0.002    -0.098    -7.74    5.09
    375.860     0.065     0.43    5.79
    751.712     3.039     7.91    7.39
   1127.558     5.508     6.57    6.81
   1503.397     7.603     5.58    4.82
   1879.230     6.665    -2.50    3.55
   2255.057     5.850    -2.17    1.62
   2630.877     6.269     1.12    1.76
   3006.691     6.758     1.30    1.97
   3382.498     6.369    -1.03    2.02
   3758.300     5.534    -2.22    2.51
   4134.095     3.885    -4.39    2.82
   4509.883     2.086    -4.79    1.97
   4885.666     1.494    -1.58    1.41
   5261.442     1.347    -0.39    1.27
   5637.211     1.461     0.30    0.98
   6012.975     1.169    -0.77    0.94
   6388.732     1.192     0.06    1.06
   6764.482     1.119    -0.19    1.14
   7140.227     1.321     0.54    1.26
   7515.965     1.623     0.80    1.23
   7891.697     2.109     1.29    1.13
   8267.423     2.488     1.01    1.26
   8643.142     2.969     1.28    1.30
   9018.855     3.819     2.26    1.43
   9394.562     4.297     1.27    1.49
   9770.262     4.444     0.39    1.49
  10145.956     4.165    -0.74    1.65
  10521.644     3.669    -1.32    1.58
  10897.325     3.193    -1.27    1.32
  11273.001     3.455     0.70    1.49
  11648.670     3.526     0.19    1.49
  12024.332     3.501    -0.07    1.48
  12399.989     2.952    -1.46    1.65
  12775.639     2.109    -2.24    1.67
  13151.283     1.544    -1.50    1.38
  13526.921     1.376    -0.45    1.44
  13902.552     1.297    -0.21    1.56
  14278.177     1.560     0.70    1.51
  14653.796     1.816     0.68    1.67
  15029.409     1.937     0.32    1.59
  15405.015     2.321     1.02    1.38
  15780.615     2.981     1.76    1.69
  16156.209     3.680     1.86    2.41
  16531.796     4.383     1.87    2.55
  16907.378     5.019     1.69    2.50
  17282.953     5.321     0.80    2.22
  17658.521     5.271    -0.13    1.97
  18034.084     5.069    -0.54    1.81
  18409.640     4.911    -0.42    1.63
  18785.190     4.244    -1.78    1.59
  19160.734     4.109    -0.36    1.53
  19536.272     3.911    -0.53    1.46
  19911.803     3.797    -0.30    1.57
  20287.328     3.860     0.17    1.62
  20662.847     4.094     0.62    2.19
  21038.360     4.578     1.29    2.10
  21413.866     5.055     1.27    1.97
  21789.367     5.515     1.22    1.79
  22164.861     5.876     0.96    1.91
  22540.349     6.769     2.38    1.88
  22915.830     7.661     2.37    2.12
  23291.305     8.415     2.01    2.26
  23666.775     8.373    -0.11    2.46
  24042.238     7.569    -2.14    3.32
  24417.694     7.296    -0.73    3.81
  24793.145     6.475    -2.19    4.02
  25168.589     5.373    -2.94    4.13
  25544.027     4.692    -1.81    4.00
  25919.459     4.119    -1.52    4.46
  26294.885     3.771    -0.93    5.24
  26670.304     3.025    -1.99    5.10
  27045.718     2.719    -0.81    4.53
  27421.125     2.434    -0.76    3.76
  27797.341     3.461     2.73    3.59
  28173.976     3.920     1.22    3.27
  28550.605     4.039     0.32    3.51
  28927.228     3.578    -1.23    3.67
  29303.845     2.560    -2.70    2.24
  29680.456     2.270    -0.77    1.93
  30057.060     2.113    -0.42    1.74
  30433.658     2.808     1.85    1.76
  30810.250     2.919     0.29    1.59
  31186.836     3.325     1.08    1.57
  31563.415     3.969     1.71    1.47
  31939.988     4.165     0.52    1.75
  32316.555     4.808     1.71    2.16
  32693.116     4.850     0.11    2.51
  33069.671     5.014     0.44    2.51
  33446.219     5.350     0.89    2.29
  33822.761     5.650     0.80    2.30
  34199.298     6.294     1.71    3.03
  34575.827     6.665     0.99    3.28
  34952.351     6.769     0.28    3.86
  35328.868     7.744     2.59    4.33
  35705.380     7.661    -0.22    4.32
  36081.885     7.785     0.33    4.92
  36458.384     8.839     2.80    6.67
  36834.876     7.644    -3.17    6.72
  37211.363     7.194    -1.20    7.11
  37587.843     7.758     1.50    6.56
  37964.317     6.919    -2.23    5.17
  38340.785     6.732    -0.50    4.78
  38717.247     7.034     0.80    4.81
  39093.702     6.794    -0.64    3.99
  39470.152     7.270     1.26    4.15
  39846.595     8.142     2.32    3.60
  40223.032     9.771     4.33    3.87
  40599.463    10.844     2.85    3.68
  40975.888    12.812     5.23    3.38
  41352.307    14.708     5.04    3.72
  41728.719    17.706     7.96    4.10
  42105.125    19.550     4.90    3.78
  42481.525    20.893     3.57    3.62
  42857.919    22.376     3.94    4.26
  43234.307    22.347    -0.08    4.01
  43610.689    23.937     4.22    3.89
  43987.064    26.271     6.20    4.26
  44363.434    30.034    10.00    5.92
  44739.797    35.163    13.63    6.53
  45116.154    40.808    15.00    7.23
  45492.505    48.464    20.34   10.61
  45868.850    55.542    18.81   11.37
  46245.189    64.794    24.59    9.46
  46621.521    71.139    16.86    4.65
  46997.847    74.911    10.02    4.99
  47374.168    79.771    12.91    4.77
  47750.482    83.808    10.73    5.49
  48126.790    87.694    10.33    5.08
  48503.092    89.929     5.94    4.60
  48879.388    88.969    -2.55    5.66
  49255.677    85.113   -10.25    6.85
  49631.961    79.994   -13.60    8.13
  50008.238    73.994   -15.95    6.55
  50384.510    69.939   -10.78    7.13
  50760.775    67.055    -7.66    8.97
  51137.034    65.022    -5.40   10.20
  51513.287    60.719   -11.44   11.24
  51889.534    60.094    -1.66    9.95
  52265.775    60.297     0.54    7.00
  52642.009    59.344    -2.53    4.63
  53018.238    57.139    -5.86    5.64
  53394.460    51.719   -14.41    7.27
  53770.677    45.911   -15.44    6.71
  54146.887    41.350   -12.12    5.09
  54523.091    37.323   -10.70    4.23
  54899.290    34.244    -8.18    4.09
  55275.482    32.169    -5.52    4.33
  55651.668    29.515    -7.06    4.59
  56027.847    27.269    -5.97    4.68
  56404.021    24.116    -8.38    4.00
  56780.189    21.055    -8.14    4.02
  57156.351    18.325    -7.26    4.23
  57532.506    15.060    -8.68    3.76
  57908.656    13.142    -5.10    3.19
  58284.799    11.065    -5.52    2.68
  58660.936     9.929    -3.02    2.21
  59037.068     8.744    -3.15    2.33
  59413.193     7.744    -2.66    2.37
  59789.312     6.526    -3.24    2.42
  60165.425     5.586    -2.50    2.50
  60541.532     4.515    -2.85    2.21
  60917.633     3.369    -3.05    1.42
  61293.728     2.797    -1.52    0.83
  61669.817     2.526    -0.72    0.89
  62045.900     2.193    -0.89    0.97
  62421.977     2.169    -0.06    1.02
  62798.047     2.165    -0.01    1.10
  63174.112     2.165     0.00    1.10
  63550.171     2.321     0.41    1.06
  63926.223     2.028    -0.78    1.06
  64302.270     2.014    -0.04    1.04
  64678.310     1.962    -0.14    0.94
  65054.345     1.947    -0.04    0.85
  65430.373     2.001     0.14    0.98
  65806.396     2.217     0.57    0.97
  66182.412     2.144    -0.19    0.98
  66558.423     2.019    -0.33    0.86
  66934.427     1.797    -0.59    1.01
  67310.425     1.619    -0.47    1.10
  67686.418     1.376    -0.65    1.17
  68062.404     1.194    -0.48    1.30
  68438.384     1.244     0.13    1.21
  68814.358     1.271     0.07    1.13
  69190.327     1.424     0.41    1.25
  69566.289     1.680     0.68    1.50
  69942.245     2.049     0.98    1.94
  70318.195     2.271     0.59    2.24
  70694.140     2.219    -0.14    1.98
  71070.078     2.297     0.21    2.08
  71446.010     1.744    -1.47    1.27
  71821.936     1.639    -0.28    1.37
  72197.856     1.787     0.39    1.80
  72573.771     2.219     1.15    2.18
  72949.679     2.501     0.75    2.14
  73325.581     2.771     0.72    2.06
  73701.477     2.296    -1.26    1.86
  74077.368     2.189    -0.28    1.57
  74453.252     2.244     0.15    1.63
  74829.130     1.680    -1.50    1.48
  75205.003     1.586    -0.25    1.48
  75580.869     1.419    -0.44    1.06
  75956.729     1.296    -0.33    1.10
  76332.584     1.296     0.00    1.17
  76708.432     1.001    -0.78    1.04
  77084.275     1.039     0.10    1.00
  77460.111     1.218     0.48    1.03
  77835.942     1.167    -0.13    1.11
  78211.766     1.244     0.20    1.09
  78587.585     1.130    -0.30    1.05
  78963.397     1.270     0.37    1.06
  79339.204     1.650     1.01    1.57
  79715.005     2.586     2.49    2.69
  80090.800     2.758     0.46    2.78
  80466.588     3.467     1.89    2.75
  80842.371     3.369    -0.26    2.82
  81218.148     2.783    -1.56    2.33
  81593.919     3.060     0.74    2.36
  81969.684     2.424    -1.69    2.17
  82345.443     2.350    -0.20    2.31
  82721.196     1.919    -1.15    2.14
  83096.944     1.167    -2.00    1.40
  83472.685     1.394     0.60    1.48
  83848.420     1.534     0.37    1.63
  84224.150     1.219    -0.84    1.85
  84599.873     1.194    -0.07    1.74
  84975.591     0.772    -1.12    1.54
  85351.302     0.407    -0.97    1.14
  85727.008     0.244    -0.43    1.03
  86102.708    -0.466    -1.89    1.27
  86478.402    -0.756    -0.77    1.17
  86854.090    -0.978    -0.59    1.12
  87229.772    -1.038    -0.16    1.10
  87605.448    -1.150    -0.30    1.08
  87981.118    -0.918     0.62    1.14
  88356.782    -1.131    -0.57    0.95
  88732.441    -1.361    -0.61    0.92
  89108.093    -1.531    -0.45    1.21
  89483.740    -1.677    -0.39    1.19
  89859.380    -1.831    -0.41    1.21
  90235.015    -1.783     0.13    1.34
  90610.644    -1.487     0.79    1.14
  90986.267    -1.320     0.45    1.12
  91361.884    -1.561    -0.64    1.12
  91737.495    -1.519     0.11    1.02
  92113.100    -1.296     0.59    1.14
  92488.700    -1.499    -0.54    1.25
  92864.293    -1.422     0.20    1.24
  93239.881    -1.404     0.05    1.16
  93615.463    -1.675    -0.72    1.30
  93991.039    -1.242     1.15    1.45
  94366.608    -0.550     1.84    1.88
  94742.173    -0.024     1.40    1.90
  95117.731     0.136     0.43    1.97
  95493.283    -0.031    -0.44    1.95
  95868.830    -0.624    -1.58    1.55
  96244.370    -0.884    -0.69    1.59
  96619.905    -0.730     0.41    1.51
  96995.434    -0.448     0.75    1.84
  97370.957    -0.282     0.44    1.61
  97746.474    -0.294    -0.03    1.48
  98121.986    -0.481    -0.50    1.54
  98497.491    -0.675    -0.52    1.92
  98872.991    -0.756    -0.22    1.89
  99248.484    -1.296    -1.44    1.85
  99623.972    -1.593    -0.79    1.83
  99999.454    -1.675    -0.22    1.92
 100374.931    -2.006    -0.88    1.73
 100750.401    -2.081    -0.20    1.64
 101125.865    -2.422    -0.91    1.69
 101501.324    -2.729    -0.82    1.28
 101876.777    -3.217    -1.30    1.48
 102252.224    -3.677    -1.22    1.57
 102627.665    -3.806    -0.34    1.81
 103004.209    -3.474     0.88    1.82
 103380.807    -2.704     2.04    1.45
 103757.398    -2.150     1.47    1.53
 104133.984    -1.833     0.84    1.33
 104510.564    -1.804     0.07    1.34
 104887.138    -1.296     1.35    1.86
 105263.707    -0.653     1.71    2.06
 105640.269    -0.098     1.47    1.96
 106016.826     0.091     0.50    1.86
 106393.377     0.034    -0.15    1.53
 106769.922     0.187     0.41    1.43
 107146.461    -0.038    -0.60    1.38
 107522.994    -0.320    -0.75    1.43
 107899.521    -0.282     0.10    1.20
 108276.043    -0.679    -1.05    1.09
 108652.558    -0.561     0.31    1.09
 109029.068    -0.730    -0.45    1.20
 109405.572    -0.807    -0.20    1.45
 109782.070    -0.966    -0.42    1.53
 110158.563    -0.931     0.09    1.32
 110535.049    -1.063    -0.35    1.22
 110911.530    -1.320    -0.68    1.31
 111288.005    -1.519    -0.53    1.15
 111664.474    -1.653    -0.36    1.14
 112040.937    -1.782    -0.34    1.17
 112417.394    -1.703     0.21    1.23
 112793.846    -1.831    -0.34    1.21
 113170.292    -1.870    -0.10    1.23
 113546.732    -1.602     0.71    1.31
 113923.166    -1.414     0.50    1.38
 114299.594    -1.242     0.46    1.35
 114676.017    -1.269    -0.07    1.43
 115052.433    -1.533    -0.70    1.33
 115428.844    -1.631    -0.26    1.36
 115805.249    -1.581     0.13    1.55
 116181.649    -1.519     0.16    1.87
 116558.042    -2.192    -1.79    1.74
 116934.430    -2.361    -0.45    1.94
 117310.812    -1.581     2.07    3.37
 117687.188    -0.177     3.73    4.59
 118063.558     2.219     6.36    4.97
 118439.922     5.244     8.04    5.16
 118816.281     7.167     5.11    7.94
 119192.634     7.464     0.79    8.05
 119568.981     7.661     0.52    8.16
 119945.323     5.344    -6.16    7.76
 120321.658     2.613    -7.26    6.39
 120697.988    -0.203    -7.48    5.05
 121074.312    -2.414    -5.87    2.92
 121450.630    -3.698    -3.41    1.71
 121826.943    -4.012    -0.83    1.77
 122203.250    -4.320    -0.82    1.45
 122579.551    -4.593    -0.73    1.59
 122955.846    -4.807    -0.57    1.57
 123332.135    -4.756     0.14    1.41
 123708.419    -4.653     0.27    1.50
 124084.697    -4.448     0.55    1.34
 124460.969    -4.729    -0.75    1.42
 124837.235    -4.576     0.41    1.50
 125213.496    -4.807    -0.61    1.56
 125589.751    -4.345     1.23    1.83
 125966.000    -3.648     1.85    2.05
 126342.243    -2.909     1.96    1.79
 126718.481    -2.350     1.49    1.67
 127094.713    -2.019     0.88    1.67
 127470.939    -1.706     0.83    1.65
 127847.160    -1.584     0.32    1.69
 128223.374    -1.576     0.02    1.71
 128599.583    -1.861    -0.76    1.74
 128975.786    -2.466    -1.61    1.71
 129351.984    -2.485    -0.05    1.97
 129728.176    -2.283     0.54    2.27
 130104.362    -1.806     1.27    2.64
 130480.542    -1.631     0.47    2.49
 130856.717    -1.387     0.65    2.34
 131232.885    -1.906    -1.38    2.25
 131609.049    -2.525    -1.65    2.18
 131985.206    -2.406     0.32    2.35
 132361.358    -2.782    -1.00    2.57
 132737.504    -2.192     1.57    2.73
 133113.644    -2.864    -1.79    2.75
 133489.779    -2.935    -0.19    2.62
 133865.907    -3.406    -1.25    2.79
 134242.031    -3.728    -0.86    2.31
 134618.148    -4.203    -1.26    2.18
 134994.260    -4.387    -0.49    2.05
 135370.366    -4.783    -1.05    1.76
 135746.466    -4.458     0.86    2.57
 136122.561    -4.839    -1.01    2.73
 136498.650    -5.556    -1.91    3.20
 136874.733    -5.704    -0.40    3.05
 137250.811    -5.782    -0.21    2.72
 137626.882    -6.243    -1.23    2.72
 138002.949    -6.783    -1.44    2.66
 138379.009    -6.294     1.30    2.84
 138755.064    -6.140     0.41    2.89
 139131.113    -5.320     2.18    2.84
 139507.157    -4.282     2.76    2.53
 139883.194    -4.217     0.17    2.56
 140259.227    -3.975     0.64    2.67
 140635.253    -4.026    -0.13    2.19
 141011.274    -4.371    -0.92    2.32
 141387.289    -4.492    -0.32    2.15
 141763.298    -4.961    -1.25    2.10
 142139.302    -4.935     0.07    1.86
 142515.300    -4.912     0.06    1.89
 142891.293    -4.397     1.37    2.37
 143267.279    -4.063     0.89    2.87
 143643.261    -3.492     1.52    3.26
 144019.236    -2.961     1.41    3.11
 144395.206    -3.269    -0.82    3.26
 144771.170    -3.634    -0.97    2.91
 145147.129    -3.704    -0.19    2.78
 145523.082    -3.571     0.35    2.72
 145899.029    -3.833    -0.69    2.58
 146274.970    -4.192    -0.95    2.41
 146650.906    -4.704    -1.36    2.54
 147026.837    -4.940    -0.63    2.50
 147402.761    -4.243     1.85    3.42
 147778.680    -3.918     0.86    3.20
 148154.594    -4.012    -0.25    3.06
 148530.502    -4.081    -0.18    3.30
 148906.404    -4.533    -1.20    2.79
 149282.300    -4.566    -0.09    2.78
 149658.191    -5.296    -1.94    2.09
 150034.076    -5.414    -0.31    1.98
 150409.956    -6.320    -2.41    1.85
 150785.830    -6.533    -0.57    1.64
 151161.699    -7.281    -1.99    1.48
 151537.561    -7.140     0.37    1.80
 151913.419    -6.891     0.66    1.69
 152289.270    -6.730     0.43    1.69
 152665.116    -6.598     0.35    1.33
 153040.956    -6.294     0.81    1.17
 153416.791    -6.166     0.34    1.14
 153792.620    -6.106     0.16    1.14
 154168.444    -5.992     0.30    1.24
 154544.262    -6.181    -0.50    1.26
 154920.074    -6.806    -1.66    1.48
 155295.881    -7.006    -0.53    1.68
 155671.682    -7.296    -0.77    1.52
 156047.478    -7.161     0.36    1.64
 156423.268    -6.966     0.52    1.82
 156799.052    -6.858     0.29    1.83
 157174.831    -6.837     0.06    1.88
 157550.604    -6.909    -0.19    2.69
 157926.372    -7.098    -0.50    2.69
 158302.134    -7.864    -2.04    2.65
 158677.890    -7.831     0.09    2.87
 159053.641    -7.335     1.32    2.96
 159429.387    -7.294     0.11    2.79
 159805.126    -6.782     1.36    2.74
 160180.861    -7.181    -1.06    2.41
 160556.589    -7.377    -0.52    2.71
 160932.312    -7.243     0.36    3.08
 161308.030    -7.371    -0.34    3.89
 161683.742    -7.339     0.09    3.94
 162059.448    -7.650    -0.83    4.32
 162435.149    -7.566     0.22    2.96
 162810.844    -8.397    -2.21    1.98
 163186.534    -8.576    -0.48    1.67
 163562.218    -8.624    -0.13    1.76
 163937.897    -8.377     0.66    1.80
 164313.570    -8.431    -0.14    2.65
 164689.237    -8.576    -0.39    2.63
 165064.899    -8.926    -0.93    2.55
 165440.556    -9.080    -0.41    2.70
 165816.206    -9.181    -0.27    1.62
 166191.852    -9.335    -0.41    1.84
 166567.492    -8.861     1.26    2.37
 166943.126    -7.466     3.71    3.52
 167318.755    -7.581    -0.30    3.44
 167694.378    -7.810    -0.61    3.25
 168069.995    -8.440    -1.68    2.49
 168445.608    -8.627    -0.50    2.14
 168821.214    -6.756     4.98    3.15
 169196.815    -5.140     4.30    3.67
 169572.411    -3.371     4.71    3.40
 169948.001    -2.729     1.71    3.77
 170323.585    -4.053    -3.53    4.53
 170699.164    -5.728    -4.46    4.52
 171074.738    -5.256     1.26    3.86
 171450.306    -6.365    -2.95    3.35
 171825.868    -6.729    -0.97    3.69
 172201.425    -6.181     1.46    3.96
 172576.977    -6.335    -0.41    4.46
 172952.523    -6.556    -0.59    4.88
 173328.063    -5.519     2.76    4.12
 173703.598    -5.602    -0.22    4.34
 174079.128    -4.675     2.47    4.80
 174454.652    -4.294     1.01    4.39
 174830.170    -4.531    -0.63    4.04
 175205.683    -5.450    -2.45    4.14
 175581.191    -6.387    -2.50    3.91
 175956.693    -6.782    -1.05    3.47
 176332.189    -6.350     1.15    3.90
 176707.680    -6.107     0.65    4.31
 177083.166    -5.117     2.64    4.29
 177458.646    -4.631     1.29    4.46
 177834.389    -4.679    -0.13    4.74
 178210.957    -4.458     0.59    4.71
 178587.520    -3.653     2.14    4.33
 178964.077    -3.945    -0.77    3.76
 179340.629    -4.576    -1.68    3.52
 179717.175    -4.294     0.75    3.47
 180093.715    -5.499    -3.20    3.35
 180470.250    -6.782    -3.41    4.04
 180846.780    -7.704    -2.45    3.89
 181223.304    -8.341    -1.69    3.02
 181599.822    -8.188     0.41    3.08
 181976.335    -8.576    -1.03    2.02
 182352.843    -8.677    -0.27    1.78
 182729.345    -8.525     0.40    1.93
 183105.842    -9.124    -1.59    1.68
 183482.333    -8.631     1.31    1.79
 183858.818    -8.448     0.49    1.76
 184235.298    -8.624    -0.47    1.77
 184611.773    -8.677    -0.14    1.76
 184988.242    -8.679    -0.01    1.72
 185364.706    -8.561     0.31    1.65
 185741.164    -8.140     1.12    2.18
 186117.617    -8.012     0.34    2.35
 186494.064    -8.150    -0.37    2.66
 186870.506    -7.506     1.71    2.84
 187246.943    -8.012    -1.35    2.51
 187623.373    -8.268    -0.68    2.33
 187999.799    -8.466    -0.53    1.93
 188376.219    -8.089     1.00    1.95
 188752.633    -8.335    -0.65    2.19
 189129.043    -7.992     0.91    2.41
 189505.446    -8.131    -0.37    2.49
 189881.844    -8.584    -1.20    2.38
 190258.237    -8.884    -0.80    2.17
 190634.624    -9.512    -1.67    3.90
 191011.006    -9.648    -0.36    3.60
 191387.383    -9.566     0.22    3.81
 191763.754    -9.256     0.83    4.01
 192140.119    -8.581     1.79    1.99
 192516.479    -8.331     0.66    2.53
 192892.834    -8.308     0.06    3.24
 193269.183    -7.499     2.15    3.36
 193645.527    -7.576    -0.20    3.19
 194021.865    -6.931     1.72    2.94
 194398.198    -6.966    -0.09    3.06
 194774.526    -7.268    -0.80    3.11
 195150.848    -7.323    -0.15    3.28
 195527.165    -7.166     0.42    2.94
 195903.476    -7.048     0.31    2.75
 196279.782    -5.895     3.07    2.87
 196656.082    -5.602     0.78    2.70
 197032.377    -5.914    -0.83    3.14
 197408.667    -6.269    -0.94    3.32
 197784.951    -6.999    -1.94    3.07
 198161.230    -8.041    -2.77    2.12
 198537.503    -8.115    -0.19    3.57
 198913.771    -7.884     0.61    3.65
 199290.034    -8.414    -1.41    2.17
 199666.291    -8.653    -0.64    2.22
 200042.543    -8.172     1.28    1.73
 200418.789    -7.781     1.04    1.66
 200795.030    -7.679     0.27    1.74
 201171.266    -7.308     0.98    2.05
 201547.496    -7.063     0.65    2.31
 201923.721    -7.320    -0.68    2.35
 202299.940    -7.292     0.07    2.20
 202676.154    -7.188     0.28    1.79
 203052.363    -7.166     0.06    1.74
 203428.566    -7.624    -1.22    1.53
 203804.764    -7.704    -0.21    1.61
 204180.957    -8.203    -1.33    1.57
 204557.144    -8.381    -0.47    1.56
 204933.326    -8.217     0.43    1.96
 205309.502    -8.308    -0.24    1.97
 205685.673    -8.256     0.14    2.08
 206061.839    -8.703    -1.19    1.89
 206437.999    -8.867    -0.44    1.72
 206814.154    -8.781     0.23    1.71
 207190.304    -8.525     0.68    1.68
 207566.448    -8.756    -0.61    1.79
 207942.587    -8.831    -0.20    1.75
 208318.720    -9.166    -0.89    1.58
 208694.849    -9.294    -0.34    1.35
 209070.972    -9.335    -0.11    1.22
 209447.089    -9.063     0.72    1.59
 209823.201    -8.940     0.33    1.63
 210199.308    -8.861     0.21    1.75
 210575.409    -8.856     0.01    1.72
 210951.506    -9.527    -1.79    1.35
 211327.596    -9.294     0.62    1.33
 211703.682    -9.161     0.35    1.32
 212079.762    -9.242    -0.22    1.37
 212455.837    -8.999     0.65    1.67
 212831.906    -8.867     0.35    1.88
 213207.970    -8.856     0.03    1.78
 213584.029    -8.706     0.40    1.81
 213960.082    -9.071    -0.97    1.54
 214336.131    -8.884     0.50    1.58
 214712.173    -9.320    -1.16    1.45
 215088.211    -9.306     0.04    1.40
 215464.243    -9.282     0.06    1.29
 215840.270    -9.397    -0.31    1.20
 216216.291    -9.431    -0.09    1.13
 216592.308    -9.320     0.30    1.10
 216968.319    -9.356    -0.10    1.15
 217344.324    -9.311     0.12    1.21
 217720.325    -9.404    -0.25    1.32
 218096.320    -9.414    -0.02    1.63
 218472.309    -9.485    -0.19    1.63
 218848.294    -9.431     0.14    1.93
 219224.273    -9.256     0.47    1.86
 219600.247    -9.681    -1.13    1.70
 219976.215    -9.909    -0.61    1.11
 220352.178    -9.918    -0.02    1.07
 220728.136   -10.115    -0.52    0.90
 221104.089   -10.134    -0.05    0.89
 221480.036    -9.909     0.60    1.29
 221855.978    -9.884     0.07    1.45
 222231.915   -10.063    -0.48    1.40
 222607.847    -9.782     0.75    1.52
 222983.773    -9.807    -0.07    1.49
 223359.694    -9.487     0.85    1.79
 223735.610    -9.323     0.44    1.83
 224111.520    -9.422    -0.26    1.94
 224487.425    -9.387     0.09    2.48
 224863.325    -8.992     1.05    2.77
 225239.220    -9.089    -0.26    2.66
 225615.109    -8.943     0.39    2.49
 225990.993    -8.730     0.57    1.81
 226366.872    -8.576     0.41    1.52
 226742.745    -8.404     0.46    1.51
 227118.614    -8.115     0.77    1.66
 227494.477    -8.134    -0.05    1.71
 227870.335    -8.038     0.26    1.67
 228246.187    -7.833     0.55    1.83
 228622.034    -7.986    -0.41    1.80
 228997.877    -8.026    -0.11    1.57
 229373.713    -8.038    -0.03    1.82
 229749.545    -7.935     0.27    2.04
 230125.371    -7.811     0.33    2.06
 230501.192    -7.140     1.79    4.27
 230877.008    -6.539     1.60    4.20
 231252.819    -5.140     3.72    7.24
 231628.624    -6.166    -2.73    4.30
 232004.424    -6.641    -1.27    2.55
 232380.219    -7.624    -2.61    2.55
 232756.009    -8.323    -1.86    2.35
 233131.793    -8.808    -1.29    1.92
 233507.572    -9.056    -0.66    1.71
 233883.346    -8.485     1.52    1.71
 234259.115    -8.512    -0.07    1.58
 234634.879    -8.730    -0.58    1.63
 235010.637    -8.782    -0.14    1.75
 235386.390    -8.986    -0.54    2.08
 235762.138    -8.940     0.12    2.19
 236137.881    -8.961    -0.06    1.73
 236513.618    -8.675     0.76    1.69
 236889.351    -8.602     0.19    1.91
 237265.078    -8.296     0.81    2.10
 237640.800    -8.231     0.17    2.22
 238016.516    -8.531    -0.80    2.08
 238392.228    -8.311     0.58    2.01
 238767.934    -8.269     0.11    2.18
 239143.635    -7.945     0.86    2.05
 239519.331    -7.545     1.06    2.34
 239895.022    -7.731    -0.49    2.20
 240270.707    -7.918    -0.50    2.06
 240646.387    -7.606     0.83    2.25
 241022.063    -7.986    -1.01    2.08
 241397.733    -8.242    -0.68    1.56
 241773.397    -8.525    -0.75    1.40
 242149.057    -8.756    -0.61    1.36
 242524.711    -8.217     1.43    1.68
 242900.360    -7.940     0.74    1.87
 243276.005    -7.906     0.09    2.01
 243651.643    -8.107    -0.54    2.21
 244027.277    -8.658    -1.47    1.89
 244402.906    -8.140     1.38    2.48
 244778.529    -7.837     0.81    2.40
 245154.147    -7.593     0.65    2.40
 245529.760    -7.107     1.30    2.38
 245905.368    -7.192    -0.23    2.29
 246280.971    -7.268    -0.20    2.10
 246656.568    -6.864     1.08    2.13
 247032.161    -7.231    -0.98    1.95
 247407.748    -6.999     0.62    2.19
 247783.330    -7.124    -0.33    2.19
 248158.907    -7.192    -0.18    2.14
 248534.479    -7.650    -1.22    2.14
 248910.046    -7.492     0.42    2.13
 249285.607    -7.650    -0.42    2.08
 249661.164    -7.556     0.25    2.16
 250036.715    -6.810     1.99    2.15
 250412.261    -7.306    -1.32    2.46
 250787.802    -7.361    -0.15    2.53
 251163.338    -7.188     0.46    2.59
 251538.868    -6.918     0.72    2.51
 251914.394    -7.256    -0.90    2.54
 252289.914    -7.115     0.38    2.24
 252665.430    -7.217    -0.27    2.16
 253041.503    -7.458    -0.64    2.21
 253418.042    -7.677    -0.58    2.06
 253794.576    -7.506     0.45    2.08
 254171.105    -7.256     0.66    2.10
 254547.629    -6.681     1.53    2.47
 254924.147    -6.242     1.16    2.38
 255300.661    -6.294    -0.14    2.33
 255677.169    -6.835    -1.44    2.41
 256053.672    -7.431    -1.58    2.59
 256430.170    -8.215    -2.08    2.41
 256806.663    -8.006     0.56    2.38
 257183.151    -7.810     0.52    2.17
 257559.633    -7.624     0.49    2.04
 257936.111    -7.756    -0.35    2.50
 258312.583    -7.512     0.65    2.65
 258689.051    -7.268     0.65    2.60
 259065.513    -7.012     0.68    1.93
 259441.970    -7.026    -0.04    2.22
 259818.422    -7.080    -0.14    2.25
 260194.868    -6.339     1.97    2.69
 260571.310    -6.238     0.27    2.84
