# NaN NaN NaN ;Mean Elev.(m), Avg Gradient(m/km), RMS Gradient(m/km) - SRTM1     
#  114.097  -1.513   5.312 ;Mean Elev.(m), Avg Gradient(m/km), RMS Gradient(m/km) - ASTER GDEM
#  122.247  -1.462   4.869 ;Mean Elev.(m), Avg Gradient(m/km), RMS Gradient(m/km) - GMTED2010 
  6   126.633 52441.13175561 32.18 105.064065  16.111324 12.922
  6   126.461 52441.13175626 33.15 105.063295  16.108014 12.922
  7   130.470 52476.13175299 41.49 105.067998  16.107784 13.239
  7   130.394 52476.13175363 43.91 105.067238  16.104484 13.239
  8   132.467 52511.13170596 41.41 105.076924  16.103294 12.549
  8   132.410 52511.13170660 42.37 105.076164  16.099994 12.549
  8   132.491 52511.13170725 43.28 105.075394  16.096694 12.549
  8   132.509 52511.13170789 47.64 105.074624  16.093384 12.549
  8   132.367 52511.13170854 44.99 105.073864  16.090090  9.086
  9   127.162 52546.13172674 30.79 105.075287  16.104136  8.823
  9   127.129 52546.13172739 32.17 105.074527  16.100836  8.823
  9   127.126 52546.13172803 31.97 105.073757  16.097526  8.823
  9   127.253 52546.13172867 30.56 105.072987  16.094226  8.823
  9   133.291 52546.13172932 28.86 105.072217  16.090926  8.823
 10   123.021 52581.13174882 29.09 105.072375  16.104991 12.775
 10   122.838 52581.13174947 28.23 105.071608  16.101689  9.522
 10   122.797 52581.13175011 27.79 105.070838  16.098379  9.522
 10   122.890 52581.13175075 26.25 105.070068  16.095079  9.522
 11   123.383 52616.13171803 32.00 105.068199  16.109493 10.580
 11   123.151 52616.13171868 30.81 105.067439  16.106200 12.755
 11   122.580 52616.13171932 32.98 105.066669  16.102890 12.755
 12   121.856 52651.13169594 30.12 105.078466  16.102333 14.480
 12   121.506 52651.13169659 30.44 105.077698  16.099040  8.865
 12   120.785 52651.13169723 31.81 105.076928  16.095730  8.865
 12   121.020 52651.13169788 30.34 105.076158  16.092430  8.865
 12   120.273 52651.13169852 30.39 105.075398  16.089130  8.865
 13   121.701 52686.13168560 41.32 105.075222  16.105662 10.410
 13   120.891 52686.13168624 40.34 105.074452  16.102352 10.410
 13   120.576 52686.13168689 34.22 105.073682  16.099052 10.410
 13   120.513 52686.13168753 32.94 105.072912  16.095752 10.410
 13   120.409 52686.13168818 43.55 105.072152  16.092452 10.410
 14   120.890 52721.13173570 43.64 105.071747  16.105497  8.187
 14   121.001 52721.13173635 36.61 105.070977  16.102197  8.187
 14   121.560 52721.13173699 35.73 105.070217  16.098897  8.187
 14   120.959 52721.13173764 42.36 105.069447  16.095597  8.187
 15   121.860 52756.13175733 42.82 105.061634  16.115155 14.082
 15   121.673 52756.13175798 47.07 105.060864  16.111845 14.082
 16   121.786 52791.13170834 40.96 105.075302  16.104514 11.185
 16   121.317 52791.13170899 37.88 105.074532  16.101204 11.185
 16   120.933 52791.13170963 33.67 105.073772  16.097904 11.185
 16   120.883 52791.13171028 36.30 105.073002  16.094604 11.185
 16   120.217 52791.13171092 42.92 105.072232  16.091304 11.185
 17   123.616 52826.13177800 28.47 105.076365  16.102207  9.145
 17   123.611 52826.13177864 30.04 105.075605  16.098907  9.145
 17   123.622 52826.13177928 32.73 105.074835  16.095607  9.145
 17   123.724 52826.13177993 32.75 105.074065  16.092307  9.145
 18   124.717 52861.13182376 28.50 105.077713  16.101392  8.193
 18   124.870 52861.13182441 29.12 105.076953  16.098092  8.193
 18   124.979 52861.13182505 30.53 105.076183  16.094792  8.193
 18   124.972 52861.13182570 33.08 105.075413  16.091492  8.193
 19   133.945 52896.13185300 29.87 105.070624  16.108174 10.039
 19   130.620 52896.13185364 32.39 105.069861  16.104881  9.634
 19   130.587 52896.13185428 37.01 105.069091  16.101571  9.634
 19   130.612 52896.13185493 37.53 105.068321  16.098271  9.634
 20   123.519 52931.13180073 34.75 105.068791  16.110393 12.140
 20   123.323 52931.13180137 30.74 105.068021  16.107083 12.140
 20   123.117 52931.13180201 31.04 105.067254  16.103790 15.719
 21   121.974 52966.13179836 33.55 105.076698  16.104637 13.677
 21   121.573 52966.13179900 34.35 105.075927  16.101336  8.029
 21   120.873 52966.13179965 31.97 105.075157  16.098036  8.029
 21   120.715 52966.13180029 32.27 105.074397  16.094736  8.029
 21   120.624 52966.13180094 31.07 105.073627  16.091436  8.029
 22   121.087 53001.13182814 40.78 105.066505  16.109982 14.537
 22   121.026 53001.13182878 37.66 105.065745  16.106682 14.537
 23   120.847 53036.13177706 37.13 105.069193  16.110603 12.776
 23   120.698 53036.13177771 40.55 105.068433  16.107310 14.251
 23   120.272 53036.13177835 40.51 105.067663  16.104000 14.251
 23   120.066 53036.13177900 40.66 105.066893  16.100700 14.251
 24   120.202 53071.13179965 39.60 105.072245  16.105314 13.333
 24   120.119 53071.13180030 32.10 105.071475  16.102014 13.333
 24   119.911 53071.13180094 34.36 105.070705  16.098714 13.333
 24   119.405 53071.13180159 35.91 105.069935  16.095414 13.333
 25   120.486 53106.13177816 41.21 105.068294  16.110604 11.662
 25   120.329 53106.13177880 42.15 105.067527  16.107310 15.450
 25   120.135 53106.13177945 39.87 105.066767  16.104000 15.450
 26   121.142 53141.13180670 42.91 105.074012  16.103958 14.367
 26   120.992 53141.13180735 35.39 105.073242  16.100658 14.367
 26   120.727 53141.13180799 34.18 105.072472  16.097358 14.367
 26   120.642 53141.13180863 42.86 105.071702  16.094058 14.367
 28   126.721 53211.13185515 35.21 105.070898  16.107866 12.010
 28   126.481 53211.13185580 35.26 105.070128  16.104556 12.010
 28   126.518 53211.13185644 35.73 105.069358  16.101256 12.010
 28   126.753 53211.13185709 38.72 105.068598  16.097956 12.010
 28   126.639 53211.13185773 44.33 105.067828  16.094656 12.010
 29   128.664 53246.13182376 30.78 105.072876  16.104706  8.551
 29   128.932 53246.13182440 33.10 105.072106  16.101406  8.551
 29   128.912 53246.13182504 32.53 105.071336  16.098106  8.551
 29   129.160 53246.13182569 31.76 105.070576  16.094806  8.551
 30   126.480 53281.13180871 29.96 105.072194  16.106259 12.627
 30   126.202 53281.13180935 31.32 105.071424  16.102959 12.627
 30   126.241 53281.13181000 31.58 105.070654  16.099659 12.627
 30   126.625 53281.13181064 34.98 105.069894  16.096349 12.627
 30   126.148 53281.13181129 35.77 105.069124  16.093049 12.627
 31   122.837 53316.13182079 34.03 105.074191  16.105734 14.349
 31   122.396 53316.13182144 34.11 105.073424  16.102432 10.378
 31   121.897 53316.13182208 34.61 105.072654  16.099132 10.378
 31   122.040 53316.13182273 34.60 105.071884  16.095832 10.378
 31   122.058 53316.13182337 39.90 105.071124  16.092532 10.378
 32   122.116 53351.13178654 33.83 105.075923  16.105174 15.187
 32   121.555 53351.13178718 35.51 105.075161  16.101881  9.696
 32   121.124 53351.13178783 32.00 105.074391  16.098571  9.696
 32   120.821 53351.13178847 32.41 105.073621  16.095271  9.696
 32   120.715 53351.13178912 32.84 105.072861  16.091971  9.696
 33   121.356 53386.13177130 40.35 105.073586  16.104293 11.432
 33   120.908 53386.13177195 37.54 105.072816  16.100993 11.432
 33   120.876 53386.13177259 32.39 105.072046  16.097693 11.432
 33   120.648 53386.13177324 33.48 105.071286  16.094383 11.432
 34   119.027 53421.13177585 33.78 105.078566  16.098368 10.060
 34   118.024 53421.13177650 38.94 105.077796  16.095068 10.060
 34   118.315 53421.13177714 38.29 105.077026  16.091768 10.060
 35   121.041 53456.13178041 38.83 105.077733  16.103051  8.871
 35   120.592 53456.13178105 33.45 105.076963  16.099751  8.871
 35   119.948 53456.13178170 32.67 105.076193  16.096451  8.871
 35   119.280 53456.13178234 38.80 105.075423  16.093151  8.871
 35   119.935 53456.13178299 36.63 105.074663  16.089841  8.871
 36   121.399 53491.13186434 42.11 105.066648  16.110110 15.675
 36   121.267 53491.13186498 39.01 105.065878  16.106800 15.675
 37   120.923 53526.13184836 36.93 105.076042  16.101766  8.971
 37   120.689 53526.13184900 32.63 105.075272  16.098456  8.971
 37   120.637 53526.13184965 30.30 105.074502  16.095156  8.971
 37   120.658 53526.13185029 36.52 105.073742  16.091856  8.971
 38   136.230 53561.13187542 26.61 105.066628  16.111125  8.632
 38   126.328 53561.13187607 29.63 105.065864  16.107823 16.657
 39   131.519 53596.13181506 27.81 105.076533  16.104560  8.453
 39   131.373 53596.13181570 29.64 105.075763  16.101260  8.453
 39   131.437 53596.13181635 30.39 105.075003  16.097960  8.453
 39   131.662 53596.13181699 36.76 105.074233  16.094660  8.453
 39   131.579 53596.13181764 38.62 105.073463  16.091360  8.453
 40   128.220 53631.13180880 37.22 105.070304  16.107646 12.227
 40   128.311 53631.13180944 37.06 105.069544  16.104346 12.227
 40   128.392 53631.13181009 40.02 105.068774  16.101046 12.227
 40   128.587 53631.13181073 40.51 105.068004  16.097746 12.227
 41   124.198 53666.13183189 26.86 105.069377  16.108312 13.889
 41   123.701 53666.13183254 28.01 105.068607  16.105002 13.889
 41   123.687 53666.13183318 31.05 105.067837  16.101702 13.889
 42   122.661 53701.13178337 32.32 105.075164  16.105406 13.501
 42   122.166 53701.13178401 32.81 105.074402  16.102113  9.598
 42   121.723 53701.13178466 34.34 105.073632  16.098803  9.598
 42   121.839 53701.13178530 35.26 105.072862  16.095503  9.598
 42   121.684 53701.13178595 39.75 105.072102  16.092203  9.598
 43   121.484 53736.13169395 38.99 105.075197  16.103597 15.185
 43   121.137 53736.13169460 33.94 105.074431  16.100303  8.619
 43   120.730 53736.13169524 32.48 105.073671  16.097003  8.619
 43   120.865 53736.13169588 35.72 105.072901  16.093693  8.619
 44   120.756 53771.13169826 34.28 105.078239  16.100805 15.580
 44   119.766 53771.13169890 33.48 105.077469  16.097505 15.580
 44   119.749 53771.13169955 37.12 105.076702  16.094203 10.259
 44   118.608 53771.13170019 40.82 105.075932  16.090893 10.259
 45   121.095 53806.13168888 40.98 105.075412  16.105624 10.150
 45   120.757 53806.13168952 36.81 105.074642  16.102314 10.150
 45   120.415 53806.13169017 33.42 105.073872  16.099014 10.150
 45   119.921 53806.13169081 34.95 105.073112  16.095714 10.150
 45   119.789 53806.13169146 43.93 105.072342  16.092414 10.150
 47   120.969 53876.13175686 40.70 105.075079  16.102742  9.358
 47   120.699 53876.13175750 32.59 105.074319  16.099442  9.358
 47   120.533 53876.13175814 31.80 105.073549  16.096142  9.358
 47   120.455 53876.13175879 40.18 105.072779  16.092842  9.358
 48   122.751 53911.13180445 37.53 105.068166  16.108497 10.121
 48   122.441 53911.13180509 37.57 105.067396  16.105197 10.121
 48   122.068 53911.13180574 37.23 105.066636  16.101897 10.121
 49   128.165 53946.13182261 41.37 105.064754  16.110819 12.559
 49   128.032 53946.13182326 41.75 105.063984  16.107519 12.559
 50   129.636 53981.13176865 41.03 105.070448  16.107378 12.652
 50   129.611 53981.13176930 41.69 105.069678  16.104078 12.652
 50   129.746 53981.13176994 44.31 105.068908  16.100778 12.652
 51   126.560 54016.13179060 35.69 105.076261  16.103877 10.559
 51   126.493 54016.13179124 35.11 105.075501  16.100577 10.559
 51   126.777 54016.13179188 34.11 105.074731  16.097277 10.559
 51   126.587 54016.13179253 40.31 105.073960  16.093976  8.597
 51   126.725 54016.13179317 38.12 105.073190  16.090666  8.597
 52   121.684 54051.13179159 32.17 105.079261  16.098814 14.796
 52   121.532 54051.13179224 32.10 105.078501  16.095514 14.796
 52   121.603 54051.13179288 30.02 105.077731  16.092214 14.796
 52   121.389 54051.13179353 29.79 105.076966  16.088913  6.895
 53   121.724 54086.13178229 33.42 105.073345  16.106376 13.374
 53   121.482 54086.13178293 34.74 105.072575  16.103076 13.374
 53   121.003 54086.13178357 34.12 105.071815  16.099776 13.374
 53   120.909 54086.13178422 31.75 105.071045  16.096476 13.374
 53   120.629 54086.13178486 30.28 105.070275  16.093166 13.374
 54   121.200 54121.13170761 43.91 105.070994  16.107596 14.648
 54   120.874 54121.13170825 41.81 105.070224  16.104296 14.648
 54   120.717 54121.13170890 39.71 105.069454  16.100996 14.648
 54   120.436 54121.13170954 38.72 105.068694  16.097696 14.648
 54   119.926 54121.13171019 34.34 105.067924  16.094396 14.648
 55   121.049 54156.13174142 42.87 105.072559  16.106823 13.477
 55   120.299 54156.13174206 40.52 105.071799  16.103523 13.477
 55   120.375 54156.13174271 37.75 105.071029  16.100223 13.477
 55   120.634 54156.13174335 41.07 105.070259  16.096913 13.477
 55   119.568 54156.13174400 37.11 105.069495  16.093612  8.000
 56   120.589 54191.13170599 35.28 105.071261  16.105310 12.665
 56   120.086 54191.13170664 36.29 105.070501  16.102000 12.665
 56   119.991 54191.13170728 34.93 105.069731  16.098700 12.665
 56   119.745 54191.13170793 36.63 105.068961  16.095400 12.665
 57   120.849 54226.13175266 43.08 105.072436  16.104065 11.890
 57   120.654 54226.13175331 35.62 105.071666  16.100755 11.890
 57   120.399 54226.13175395 38.40 105.070906  16.097455 11.890
 57   120.220 54226.13175460 40.54 105.070136  16.094155 11.890
 58   122.215 54261.13177240 38.16 105.073729  16.105441 11.924
 58   121.787 54261.13177305 39.11 105.072959  16.102131 11.924
 58   121.516 54261.13177369 35.11 105.072189  16.098831 11.924
 58   121.254 54261.13177434 39.20 105.071429  16.095531 11.924
 58   121.136 54261.13177498 43.28 105.070659  16.092231 11.924
 59   132.254 54296.13177687 28.61 105.073961  16.106435 10.927
 59   123.136 54296.13177752 30.94 105.073191  16.103135 10.927
 59   123.179 54296.13177816 32.08 105.072431  16.099835 10.927
 59   123.393 54296.13177881 37.25 105.071661  16.096535 10.927
 59   123.427 54296.13177945 41.83 105.070891  16.093235 10.927
 60   127.891 54331.13176848 37.76 105.074278  16.105916  8.536
 60   127.998 54331.13176912 36.44 105.073508  16.102606  8.536
 60   128.049 54331.13176977 37.15 105.072738  16.099306  8.536
 60   128.106 54331.13177041 36.20 105.071978  16.096006  8.536
 60   128.103 54331.13177106 37.82 105.071208  16.092706  8.536
 61   127.585 54366.13171139 36.58 105.072116  16.108128  8.863
 61   127.373 54366.13171203 37.22 105.071346  16.104818  8.863
 61   127.308 54366.13171268 35.48 105.070579  16.101524 10.311
 61   127.614 54366.13171332 35.95 105.069819  16.098224 10.311
 61   127.751 54366.13171397 42.85 105.069049  16.094914 10.311
 62   124.002 54401.13171089 31.15 105.074272  16.105268 13.922
 62   123.806 54401.13171153 31.92 105.073512  16.101968 13.922
 62   123.968 54401.13171218 33.34 105.072742  16.098668 13.922
 62   124.099 54401.13171282 38.64 105.071972  16.095358 13.922
 62   123.848 54401.13171347 39.04 105.071209  16.092056  8.559
 63   122.250 54436.13166812 35.23 105.071842  16.105820 14.139
 63   121.725 54436.13166876 38.15 105.071082  16.102520 14.139
 63   121.421 54436.13166941 37.24 105.070312  16.099220 14.139
 63   121.491 54436.13167005 38.22 105.069542  16.095910 14.139
 63   121.083 54436.13167070 36.53 105.068774  16.092616 12.849
 64   121.277 54471.13169547 39.80 105.075905  16.103162 14.123
 64   120.725 54471.13169612 34.56 105.075145  16.099862 14.123
 64   120.439 54471.13169676 31.90 105.074375  16.096562 14.123
 64   120.616 54471.13169741 36.66 105.073607  16.093251  8.015
 65   121.348 54506.13168083 39.21 105.072354  16.106899 11.854
 65   121.048 54506.13168147 38.96 105.071594  16.103589 11.854
 65   120.632 54506.13168212 36.99 105.070824  16.100289 11.854
 65   120.744 54506.13168276 38.02 105.070054  16.096989 11.854
 65   120.545 54506.13168341 37.25 105.069294  16.093689 11.854
 66   121.021 54541.13171024 35.55 105.074018  16.102787 10.583
 66   120.568 54541.13171089 31.20 105.073248  16.099487 10.583
 66   120.073 54541.13171153 33.01 105.072478  16.096187 10.583
 66   120.017 54541.13171218 41.89 105.071718  16.092877 10.583
 67   121.167 54576.13168184 32.85 105.072554  16.107248 10.286
 67   120.514 54576.13168249 38.84 105.071784  16.103938 10.286
 67   120.388 54576.13168313 34.80 105.071014  16.100638 10.286
 67   120.596 54576.13168378 33.54 105.070254  16.097338 10.286
 67   119.778 54576.13168442 40.98 105.069484  16.094038 10.286
 68   122.205 54611.13170185 36.37 105.073213  16.103332  9.993
 68   121.633 54611.13170249 36.52 105.072443  16.100032  9.993
 68   121.849 54611.13170314 35.83 105.071673  16.096732  9.993
 68   121.987 54611.13170378 46.31 105.070903  16.093432  9.993
 69   124.499 54646.13170906 31.38 105.072518  16.105142 13.852
 69   124.538 54646.13170971 32.14 105.071748  16.101842 13.852
 69   124.633 54646.13171035 35.05 105.070978  16.098542 13.852
 69   124.773 54646.13171100 40.68 105.070208  16.095242 13.852
 70   130.655 54681.13170978 44.88 105.072544  16.105544 12.165
 70   130.566 54681.13171043 43.76 105.071784  16.102244 12.165
 70   130.610 54681.13171107 44.61 105.071014  16.098944 12.165
 70   130.642 54681.13171172 41.89 105.070244  16.095644 12.165
 70   130.549 54681.13171236 43.93 105.069474  16.092344 12.165
 71   128.403 54716.13165928 40.46 105.072851  16.106075 11.229
 71   128.361 54716.13165992 39.01 105.072081  16.102775 11.229
 71   128.479 54716.13166057 40.04 105.071311  16.099475 11.229
 71   128.716 54716.13166121 40.94 105.070551  16.096175 11.229
 71   128.385 54716.13166186 42.93 105.069781  16.092875 11.229
 72   125.226 54751.13168181 31.35 105.072919  16.104163 10.010
 72   125.341 54751.13168246 31.93 105.072149  16.100863 10.010
 72   125.602 54751.13168310 35.70 105.071389  16.097563 10.010
 72   125.877 54751.13168375 37.51 105.070619  16.094253 10.010
 73   123.924 54786.13164911 27.97 105.072362  16.105479 13.476
 73   123.668 54786.13164975 31.32 105.071592  16.102179 13.476
 73   123.949 54786.13165040 34.04 105.070822  16.098879 13.476
 73   123.787 54786.13165104 40.44 105.070052  16.095579 13.476
 73   123.574 54786.13165169 35.98 105.069292  16.092269 13.476
 74   122.370 54821.13167448 37.11 105.074652  16.105765 12.715
 74   121.735 54821.13167512 39.77 105.073882  16.102465 12.715
 74   121.412 54821.13167577 35.15 105.073112  16.099165 12.715
 74   121.359 54821.13167641 34.91 105.072342  16.095865 12.715
 74   121.130 54821.13167706 40.68 105.071582  16.092555 12.715
 75   121.528 54856.13164517 40.65 105.073345  16.106149 11.748
 75   121.252 54856.13164581 38.85 105.072585  16.102849 11.748
 75   120.816 54856.13164646 34.24 105.071815  16.099549 11.748
 75   120.708 54856.13164710 35.24 105.071045  16.096249 11.748
 75   120.406 54856.13164775 39.59 105.070275  16.092949 11.748
 76   120.685 54891.13167874 43.77 105.071228  16.105530 13.751
 76   120.523 54891.13167939 37.98 105.070458  16.102230 13.751
 76   120.570 54891.13168003 37.19 105.069688  16.098930 13.751
 76   120.447 54891.13168068 39.19 105.068928  16.095620 13.751
 77   121.118 54926.13164310 46.86 105.070514  16.108034 13.135
 77   120.260 54926.13164374 43.06 105.069744  16.104734 13.135
 77   120.349 54926.13164439 41.58 105.068984  16.101434 13.135
 77   120.241 54926.13164503 44.24 105.068214  16.098134 13.135
 78   121.233 54961.13167640 44.64 105.072748  16.105740 10.930
 78   120.681 54961.13167704 39.91 105.071988  16.102440 10.930
 78   120.763 54961.13167769 35.74 105.071218  16.099140 10.930
 78   120.428 54961.13167833 38.66 105.070448  16.095840 10.930
 78   119.994 54961.13167898 39.89 105.069688  16.092540 10.930
 79   132.039 54996.13169770 29.58 105.071333  16.108911 17.146
 79   123.123 54996.13169834 32.58 105.070573  16.105611 17.146
 79   122.896 54996.13169899 33.61 105.069803  16.102311 17.146
 79   122.752 54996.13169963 39.94 105.069033  16.099011 17.146
 79   122.654 54996.13170028 39.59 105.068263  16.095711 17.146
 80   127.498 55031.13168789 34.41 105.072387  16.105565 13.491
 80   127.185 55031.13168853 35.99 105.071617  16.102265 13.491
 80   127.418 55031.13168918 34.04 105.070847  16.098965 13.491
 80   127.814 55031.13168982 41.62 105.070077  16.095665 13.491
 80   127.050 55031.13169047 43.40 105.069317  16.092355 13.491
 81   126.074 55066.13167773 30.04 105.073221  16.104456  9.394
 81   125.861 55066.13167838 32.67 105.072451  16.101156  9.394
 81   126.238 55066.13167902 32.77 105.071691  16.097856  9.394
 81   126.283 55066.13167967 35.37 105.070921  16.094556  9.394
 82   126.050 55101.13161930 30.04 105.070160  16.107510 12.921
 82   125.806 55101.13161995 32.38 105.069390  16.104210 12.921
 82   125.795 55101.13162059 32.18 105.068620  16.100910 12.921
 83   122.573 55136.13162407 31.65 105.073241  16.103770 11.651
 83   122.077 55136.13162471 32.68 105.072471  16.100470 11.651
 83   121.920 55136.13162536 32.20 105.071711  16.097170 11.651
 83   122.006 55136.13162600 35.41 105.070941  16.093860 11.651
 84   121.829 55171.13158589 42.61 105.072754  16.106401 13.899
 84   121.005 55171.13158653 42.87 105.071994  16.103101 13.899
 84   120.926 55171.13158718 38.16 105.071224  16.099801 13.899
 84   120.815 55171.13158782 39.03 105.070454  16.096501 13.899
 84   120.601 55171.13158847 41.90 105.069684  16.093201 13.899
 85   121.216 55206.13161697 39.79 105.073912  16.106439 12.529
 85   120.708 55206.13161761 43.24 105.073142  16.103139 12.529
 85   120.072 55206.13161826 38.37 105.072372  16.099839 12.529
 85   120.446 55206.13161890 34.63 105.071602  16.096539 12.529
 85   119.823 55206.13161955 47.21 105.070842  16.093229 12.529
 86   121.332 55241.13159186 37.25 105.071268  16.107567 14.344
 86   120.533 55241.13159251 37.75 105.070508  16.104267 14.344
 86   120.254 55241.13159315 38.62 105.069738  16.100967 14.344
 86   120.279 55241.13159380 35.00 105.068968  16.097667 14.344
 86   119.689 55241.13159444 34.88 105.068198  16.094367 14.344
 87   120.627 55276.13161074 42.40 105.072384  16.106229 11.629
 87   120.135 55276.13161138 38.67 105.071614  16.102929 11.629
 87   119.948 55276.13161203 37.35 105.070844  16.099629 11.629
 87   119.837 55276.13161267 36.27 105.070074  16.096329 11.629
 87   119.073 55276.13161332 42.16 105.069314  16.093029 11.629
 88   121.177 55311.13157578 42.97 105.072335  16.105911 11.317
 88   120.671 55311.13157643 40.01 105.071565  16.102611 11.317
 88   120.453 55311.13157707 38.02 105.070795  16.099311 11.317
 88   120.295 55311.13157772 40.26 105.070035  16.096011 11.317
 88   119.378 55311.13157836 40.44 105.069265  16.092711 11.317
 89   121.934 55346.13158024 36.89 105.073967  16.105547 10.607
 89   121.181 55346.13158089 39.01 105.073197  16.102247 10.607
 89   121.115 55346.13158153 34.24 105.072427  16.098947 10.607
 89   120.890 55346.13158218 36.48 105.071657  16.095647 10.607
 89   120.533 55346.13158282 41.10 105.070897  16.092337 10.607
 90   122.846 55381.13157293 34.51 105.072400  16.105151 13.259
 90   122.223 55381.13157357 35.36 105.071630  16.101851 13.259
 90   122.013 55381.13157422 32.72 105.070860  16.098551 13.259
 90   122.104 55381.13157486 35.50 105.070090  16.095251 13.259
 91   126.684 55416.13159956 34.45 105.074176  16.104275 10.422
 91   126.536 55416.13160021 35.49 105.073406  16.100975 10.422
 91   126.712 55416.13160085 34.44 105.072636  16.097675 10.422
 91   127.036 55416.13160150 36.48 105.071866  16.094375 10.422
 92   127.112 55451.13158397 36.45 105.073113  16.104671  9.233
 92   126.970 55451.13158461 35.71 105.072343  16.101371  9.233
 92   126.960 55451.13158525 34.80 105.071583  16.098071  9.233
 92   127.419 55451.13158590 33.82 105.070813  16.094771  9.233
 93   134.109 55486.13150762 27.78 105.072753  16.107412 10.286
 93   124.461 55486.13150827 32.08 105.071983  16.104112 10.286
 93   124.356 55486.13150891 32.94 105.071213  16.100812 10.286
 93   124.591 55486.13150956 34.77 105.070453  16.097512 10.286
 93   124.554 55486.13151020 41.13 105.069683  16.094212 10.286
