-166139.903  -108.918     0.00   10.08
-165763.938  -110.922    -5.33    9.22
-165387.983  -112.862    -5.16    5.80
-165012.038  -112.788     0.20    2.38
-164636.103  -109.814     7.91    6.97
-164260.179   -99.891    26.40   16.08
-163884.265   -89.589    27.41   20.86
-163508.361   -83.910    15.11   17.22
-163132.467   -84.788    -2.34   14.59
-162756.583   -89.595   -12.79   11.90
-162380.709   -91.939    -6.24    7.86
-162004.846   -87.692    11.30   10.60
-161628.993   -73.239    38.46   24.03
-161253.150   -38.071    93.58   57.05
-160877.317     5.511   115.97   71.92
-160501.494    53.134   126.73   59.33
-160125.682    74.356    56.48   65.60
-159749.879    69.493   -12.94   70.47
-159374.087    51.442   -48.04   82.69
-158998.305    22.775   -76.29   82.32
-158622.533     0.133   -60.26   73.41
-158246.772   -28.389   -75.91   62.32
-157871.020   -33.789   -14.37   56.57
-157495.279   -31.014     7.39   48.72
-157119.547   -31.107    -0.25   38.66
-156743.826   -25.656    14.51   36.30
-156368.115    -8.107    46.71   40.85
-155992.414    -2.558    14.77   45.35
-155616.723    -1.389     3.11   46.44
-155241.043   -18.564   -45.72   40.22
-154865.372   -32.039   -35.87   39.06
-154489.712   -46.743   -39.14   30.33
-154114.062   -36.498    27.27   48.65
-153738.422    -3.239    88.55   74.52
-153362.792    46.288   131.86   81.55
-152987.172    69.917    62.91   67.57
-152611.562    73.430     9.35   76.50
-152235.962    56.827   -44.21   69.67
-151860.373    30.454   -70.22   59.66
-151484.793    16.722   -36.56   50.88
-151109.224    26.113    25.01   43.36
-150733.665    59.904    89.98   72.53
-150358.116   109.314   131.58   86.65
-149982.576   141.036    84.48   82.19
-149607.047   142.570     4.09   99.74
-149231.529   102.286  -107.29  107.16
-148856.020    46.519  -148.52   84.80
-148480.521    24.861   -57.68   59.20
-148105.032     7.576   -46.04   49.36
-147729.554    10.969     9.04   57.67
-147354.085    54.795   116.73   81.75
-146978.627    85.058    80.61   91.64
-146603.179   121.461    96.97  105.96
-146227.740   184.186   167.09  121.11
-145852.312   226.134   111.75   97.55
-145476.894   235.686    25.44   86.77
-145101.486   230.554   -13.67   86.88
-144726.088   200.722   -79.47   86.51
-144350.700   185.365   -40.91   65.75
-143975.322   188.039     7.12   74.22
-143599.954   202.757    39.21   79.60
-143224.596   211.904    24.37   88.39
-142849.249   188.869   -61.38   91.20
-142473.911   159.711   -77.69   84.44
-142098.583   139.747   -53.20   80.98
-141723.266   133.086   -17.75   83.06
-141347.958   139.263    16.46   80.00
-140972.660   130.336   -23.79   62.38
-140597.373   126.211   -10.99   53.90
-140222.095   124.236    -5.26   44.36
-139846.828   157.519    88.70   67.34
-139471.570   201.461   117.11   88.61
-139096.323   273.674   192.46  109.96
-138721.085   350.080   203.64  122.11
-138345.858   450.966   268.89  127.11
-137970.641   547.365   256.94  133.58
-137595.433   662.986   308.18  140.41
-137220.236   752.210   237.83  122.36
-136845.048   795.058   114.21  106.43
-136469.871   835.590   108.05  102.99
-136094.704   818.712   -44.99   95.94
-135719.546   782.876   -95.53   87.61
-135344.399   756.775   -69.58   67.29
-134969.261   717.210  -105.48   60.62
-134594.134   701.411   -42.12   43.39
-134219.016   714.647    35.29   66.54
-133843.909   747.674    88.05   82.80
-133468.812   827.159   211.92   98.99
-133093.724   890.039   167.66   99.66
-132718.647   927.211    99.11   74.44
-132343.579   945.955    49.98   62.62
-131968.521   952.311    16.95   78.08
-131593.474   949.058    -8.67   85.05
-131218.436   985.486    97.14   79.46
-130843.408  1039.391   143.75   75.56
-130468.391  1095.647   150.02   69.49
-130093.383  1091.064   -12.22   91.90
-129718.385  1066.461   -65.61  117.98
-129343.397   983.861  -220.29  100.63
-128968.419   940.570  -115.46   82.54
-128593.451   918.161   -59.77   96.26
-128218.493   903.210   -39.88  104.70
-127843.545   914.836    31.01   97.59
-127468.607   920.786    15.87   78.59
-127093.679   944.475    63.19   80.64
-126718.761   999.805   147.59  107.90
-126343.852  1066.336   177.47  134.54
-125968.954  1165.109   263.49  158.35
-125592.270  1267.086   270.74  152.79
-125215.392  1285.647    49.25  132.32
-124838.524  1278.917   -17.86  128.98
-124461.665  1251.753   -72.09  124.25
-124084.817  1269.186    46.26  120.53
-123707.979  1309.570   107.18  133.09
-123331.151  1314.032    11.84  169.42
-122954.333  1248.686  -173.43  213.38
-122577.525  1128.291  -319.54  217.80
-122200.727  1006.237  -323.95  160.02
-121823.939   890.852  -306.26  129.40
-121447.160   808.032  -219.83  106.43
-121070.392   734.661  -194.75   82.32
-120693.634   673.686  -161.85   53.68
-120316.886   635.961  -100.14   41.88
-119940.148   625.611   -27.47   37.42
-119563.420   652.111    70.35   68.13
-119186.702   707.064   145.88   92.62
-118809.994   769.870   166.74  102.88
-118433.296   887.771   313.01  141.58
-118056.608   980.929   247.33  142.94
-117679.930  1011.698    81.69  115.68
-117303.262   992.699   -50.44  115.73
-116926.604   921.186  -189.88  129.13
-116549.956   831.900  -237.07  105.04
-116173.317   772.817  -156.88   81.72
-115796.689   730.436  -112.54   78.01
-115420.071   699.596   -81.89   84.40
-115043.463   681.991   -46.75   87.51
-114666.864   634.495  -126.13   79.39
-114290.276   593.186  -109.70   79.36
-113913.698   565.736   -72.90   73.78
-113537.129   570.261    12.02   83.60
-113160.571   592.552    59.20   79.84
-112784.022   597.261    12.51   68.57
-112407.484   577.028   -53.74   93.63
-112030.955   513.186  -169.57   82.80
-111654.437   480.061   -87.98   69.79
-111277.928   492.811    33.87   86.55
-110901.429   529.596    97.71  105.42
-110524.940   548.811    51.04  108.25
-110148.461   528.750   -53.29   98.01
-109771.992   515.630   -34.85   88.07
-109395.533   515.736     0.28   96.37
-109019.084   507.527   -21.81   91.73
-108642.645   518.986    30.44   81.97
-108266.216   537.186    48.35   89.90
-107889.796   549.291    32.16   87.69
-107513.387   558.257    23.82   78.32
-107136.987   543.570   -39.02   76.93
-106760.598   547.058     9.27   87.92
-106384.218   570.511    62.32   99.96
-106007.848   533.904   -97.27  107.22
-105631.488   485.090  -129.71  113.86
-105255.138   447.827   -99.02   77.67
-104878.798   457.111    24.67   89.72
-104502.468   507.596   134.16  120.86
-104126.147   533.545    68.96  136.84
-103749.837   521.625   -31.68  136.75
-103373.536   471.852  -132.28  120.09
-102997.246   443.391   -75.64   76.67
-102620.965   437.486   -15.69   59.34
-102244.694   472.493    93.04   88.97
-101868.433   547.986   200.65  104.44
-101492.182   599.370   136.58   88.61
-101115.941   626.449    71.98   84.17
-100739.709   627.237     2.09  102.08
-100363.488   623.622    -9.61  122.99
 -99987.276   652.161    75.87  112.65
 -99611.074   648.661    -9.31  105.03
 -99234.882   624.586   -64.00  101.27
 -98858.700   564.878  -158.73   90.18
 -98482.528   505.886  -156.83   77.89
 -98106.365   461.430  -118.19   71.99
 -97730.213   424.981   -96.91   64.97
 -97354.070   390.261   -92.31   60.84
 -96977.937   364.870   -67.51   41.13
 -96601.814   372.448    20.15   53.85
 -96225.701   397.109    65.57   75.77
 -95849.598   439.211   111.95   88.19
 -95473.504   488.430   130.87   81.67
 -95097.421   523.032    92.01   79.02
 -94721.347   556.552    89.14   88.19
 -94345.283   604.596   127.76   88.97
 -93969.228   630.600    69.15   84.11
 -93593.184   639.263    23.04   84.91
 -93217.150   630.493   -23.32   90.88
 -92841.125   609.761   -55.14   81.75
 -92465.110   565.852  -116.78   85.44
 -92089.105   518.136  -126.91  101.04
 -91713.109   457.442  -161.43   85.47
 -91337.124   408.083  -131.29   56.07
 -90961.148   385.801   -59.27   35.80
 -90585.182   397.528    31.19   56.82
 -90209.226   417.561    53.29   65.98
 -89833.280   418.061     1.33   61.48
 -89457.343   412.955   -13.58   55.32
 -89081.417   398.356   -38.84   51.73
 -88705.500   374.712   -62.90   27.27
 -88329.593   371.283    -9.12   24.30
 -87953.695   384.750    35.83   26.68
 -87577.808   389.461    12.53   24.69
 -87201.930   385.386   -10.84   31.80
 -86826.062   371.386   -37.25   35.42
 -86450.204   354.233   -45.64   34.98
 -86074.355   338.291   -42.42   30.75
 -85698.516   322.061   -43.19   28.63
 -85322.687   310.237   -31.46   27.47
 -84946.868   309.625    -1.63   25.58
 -84571.059   314.991    14.28   27.39
 -84195.259   320.134    13.69   25.79
 -83819.469   337.711    46.77   29.85
 -83443.689   381.536   116.63   63.39
 -83067.919   443.820   165.76   96.34
 -82692.158   514.086   187.01   96.47
 -82316.407   578.288   170.87   80.94
 -81940.666   624.133   122.02   65.76
 -81564.934   691.949   180.50   74.31
 -81189.213   757.586   174.70   81.03
 -80813.501   830.083   192.97   94.70
 -80437.798   912.936   220.54   95.15
 -80062.106   962.724   132.53   74.08
 -79686.423   980.997    48.64   49.32
 -79310.750   958.088   -60.98   54.48
 -78935.087   905.545  -139.88   97.82
 -78559.433   811.416  -250.58  161.56
 -78183.789   707.936  -275.49  195.85
 -77808.155   596.622  -296.35  182.60
 -77432.531   527.376  -184.36  135.70
 -77056.916   467.340  -159.84   52.61
 -76681.311   465.511    -4.87   46.00
 -76305.715   488.801    62.01   54.40
 -75930.130   526.820   101.23   68.06
 -75554.554   597.590   188.44   97.45
 -75178.988   684.554   231.56  110.69
 -74803.431   771.086   230.42  102.40
 -74427.884   850.011   210.17   73.34
 -74052.347   919.259   184.41   76.47
 -73676.819   976.811   153.26   79.74
 -73301.302  1011.107    91.33   69.28
 -72925.793   998.949   -32.38   87.74
 -72550.295   947.212  -137.79  106.57
 -72174.806   870.736  -203.68  114.11
 -71799.327   788.836  -218.13   95.93
 -71423.858   734.711  -144.16   69.09
 -71048.398   672.519  -165.65   62.92
 -70672.948   615.807  -151.06   70.63
 -70297.507   552.356  -169.01   77.10
 -69922.077   488.365  -170.45   60.70
 -69546.656   431.442  -151.63   56.59
 -69171.244   407.686   -63.28   45.82
 -68795.842   443.314    94.91  101.48
 -68420.450   556.543   301.64  164.24
 -68045.068   653.032   257.05  129.02
 -67669.695   699.586   124.03   69.28
 -67294.332   707.929    22.23   37.07
 -66918.978   686.283   -57.67   52.39
 -66543.634   629.448  -151.43  103.21
 -66168.300   546.370  -221.35  132.91
 -65792.975   458.911  -233.03  133.46
 -65417.660   366.636  -245.87   79.04
 -65042.355   325.795  -108.82   43.45
 -64667.059   311.036   -39.33   19.92
 -64291.773   322.712    31.11   26.90
 -63916.496   352.554    79.52   38.29
 -63541.230   391.896   104.84   48.29
 -63165.972   439.611   127.16   59.26
 -62790.725   505.503   175.60   82.05
 -62415.487   588.011   219.89  111.74
 -62040.258   737.493   398.39  194.06
 -61665.039   920.607   488.04  242.09
 -61289.830  1094.186   462.64  229.86
 -60914.630  1189.699   254.57  144.90
 -60539.440  1184.586   -13.63  130.67
 -60164.260  1101.411  -221.70  119.69
 -59789.089  1020.929  -214.53   81.11
 -59413.928   954.136  -178.05   78.05
 -59038.776   895.570  -156.12   74.84
 -58663.634   833.011  -166.77   82.49
 -58288.502   724.442  -289.42  158.55
 -57913.379   609.283  -307.00  205.32
 -57538.265   446.552  -433.84  216.14
 -57163.162   289.291  -419.26  165.26
 -56788.067   185.136  -277.69  111.40
 -56412.983   114.911  -187.23   48.85
 -56037.908    90.161   -65.99   23.20
 -55662.842    78.561   -30.93    8.64
 -55287.786    75.370    -8.51    7.84
 -54912.740    75.159    -0.56   10.86
 -54537.703    81.436    16.74   24.88
 -54162.676   110.386    77.20   57.41
 -53787.658   168.586   155.20  101.87
 -53412.650   254.986   230.40  127.34
 -53037.652   351.261   256.74  114.88
 -52662.663   408.738   153.28   79.65
 -52287.683   431.638    61.07   69.51
 -51912.713   411.340   -54.14   91.47
 -51537.753   375.136   -96.56  113.85
 -51162.802   343.011   -85.68  113.47
 -50787.598   346.904    10.38  111.57
 -50410.756   398.747   137.58  127.00
 -50033.923   459.817   162.07   75.95
 -49657.100   435.136   -65.50   83.53
 -49280.286   366.160  -183.06  119.28
 -48903.482   317.503  -129.14  130.12
 -48526.688   283.961   -89.02  124.13
 -48149.903   319.672    94.78  111.30
 -47773.128   332.611    34.34   85.33
 -47396.363   316.336   -43.20   76.26
 -47019.607   299.186   -45.52   81.53
 -46642.861   304.336    13.67   90.79
 -46266.125   338.645    91.07   88.59
 -45889.398   369.844    82.82   77.29
 -45512.680   396.554    70.91   38.45
 -45135.972   378.436   -48.10   45.01
 -44759.274   361.113   -45.99   42.51
 -44382.586   338.011   -61.33   60.50
 -44005.907   309.511   -75.66   66.86
 -43629.237   278.493   -82.35   61.31
 -43252.578   250.039   -75.55   46.88
 -42875.927   253.039     7.97   47.43
 -42499.287   261.570    22.65   43.23
 -42122.656   277.686    42.79   37.84
 -41746.034   294.923    45.77   36.81
 -41369.422   311.966    45.26   42.74
 -40992.820   330.391    48.92   53.39
 -40616.227   337.160    17.98   50.91
 -40239.644   349.015    31.48   50.21
 -39863.070   358.981    26.46   46.96
 -39486.506   365.405    17.06   46.34
 -39109.952   359.724   -15.09   39.07
 -38733.407   370.722    29.21   51.93
 -38356.872   386.442    41.75   65.14
 -37980.346   399.878    35.68   80.93
 -37603.829   416.311    43.65   91.15
 -37227.323   427.006    28.41   94.33
 -36850.825   436.966    26.45   83.63
 -36474.338   469.288    85.85   80.42
 -36097.860   486.724    46.31   68.57
 -35721.391   509.159    59.60   61.02
 -35344.932   526.344    45.65   64.21
 -34968.483   580.036   142.63  100.81
 -34592.043   632.750   140.04   85.56
 -34215.612   667.386    92.01   67.60
 -33839.191   661.134   -16.61   79.93
 -33462.780   607.537  -142.39   87.35
 -33086.378   599.722   -20.76   84.78
 -32709.986   571.160   -75.89   81.09
 -32333.603   547.673   -62.40   82.22
 -31957.229   503.536  -117.27   85.79
 -31580.865   452.699  -135.08   90.05
 -31204.511   393.495  -157.31   87.26
 -30828.166   343.596  -132.59   58.16
 -30451.831   319.636   -63.67   56.30
 -30075.505   319.160    -1.26   60.27
 -29699.189   327.570    22.35   63.21
 -29322.882   299.114   -75.62   85.78
 -28946.585   282.396   -44.43   96.54
 -28570.297   264.761   -46.87   93.81
 -28194.018   265.836     2.86  102.54
 -27817.750   242.991   -60.72  120.17
 -27441.490   210.986   -85.06  137.42
 -27065.240   122.408  -235.43  101.94
 -26689.000   103.240   -50.95   68.51
 -26312.769   116.212    34.48   86.87
 -25936.547   134.336    48.17   95.20
 -25560.335   123.261   -29.44   93.97
 -25184.133    94.586   -76.22   73.93
 -24807.940    92.058    -6.72   68.02
 -24431.756   185.107   247.35  167.59
 -24055.582   299.356   303.72  191.32
 -23679.417   420.405   321.80  148.33
 -23303.262   468.554   128.00   97.98
 -22927.116   450.861   -47.04   93.51
 -22550.980   406.580  -117.73  102.04
 -22174.853   347.844  -156.16  103.02
 -21798.735   303.511  -117.87   93.52
 -21422.627   304.159     1.72   93.50
 -21046.529   301.649    -6.67   97.96
 -20670.439   268.134   -89.11  139.62
 -20294.360   215.942  -138.78  163.36
 -19918.289   120.396  -254.07  125.30
 -19542.229    65.015  -147.27   34.11
 -19166.177    54.386   -28.27   22.42
 -18790.135    51.775    -6.94   19.46
 -18414.103    42.911   -23.57   14.79
 -18038.079    33.923   -23.90    9.16
 -17662.066    29.036   -13.00   10.24
 -17286.061    23.699   -14.19   10.08
 -16910.066    22.134    -4.16    9.09
 -16534.081    33.211    29.46   30.61
 -16158.105    49.344    42.91   36.70
 -15782.138    78.261    76.91   47.82
 -15406.181   123.391   120.04   82.79
 -15030.233   153.391    79.80   93.27
 -14654.294   135.747   -46.93  103.27
 -14278.365    92.028  -116.30   83.72
 -13902.446    59.259   -87.17   53.62
 -13526.535    41.468   -47.33   22.88
 -13150.634    41.436    -0.09   32.98
 -12774.743    32.711   -23.21   18.54
 -12398.861    29.711    -7.98   10.80
 -12022.988    39.259    25.40   38.48
 -11647.125    46.370    18.92   49.46
 -11271.270    63.836    46.47   66.26
 -10895.426    90.981    72.22   86.77
 -10519.591    99.356    22.29   95.34
 -10143.765    91.747   -20.25   93.17
  -9767.948    70.493   -56.55   90.08
  -9392.141    43.211   -72.60   58.98
  -9016.343    27.361   -42.18   14.27
  -8640.555    29.911     6.79   23.61
  -8264.775    31.736     4.86   30.72
  -7889.006    28.475    -8.68   30.27
  -7513.245    27.844    -1.68   29.51
  -7137.494    26.158    -4.49   22.64
  -6761.753    21.261   -13.03    3.36
  -6386.020    21.561     0.80    3.11
  -6010.297    20.961    -1.60    2.54
  -5634.583    21.032     0.19    2.52
  -5258.879    21.834     2.14    3.12
  -4883.184    24.064     5.93    4.31
  -4507.498    25.596     4.08    4.62
  -4131.822    26.288     1.84    6.59
  -3756.155    23.736    -6.79    9.08
  -3380.497    21.647    -5.56    9.60
  -3004.849    18.811    -7.55    7.27
  -2629.210    18.852     0.11    6.33
  -2253.580    18.811    -0.11    5.64
  -1877.959    17.058    -4.67    6.84
  -1502.348    15.088    -5.24    6.68
  -1126.747    11.136   -10.52    5.89
   -751.154     6.997   -11.02    6.26
   -375.571     3.386    -9.61    5.51
      0.003     0.486    -7.72    3.51
    375.568     2.086     4.26    6.18
    751.123     6.361    11.38    8.05
   1126.669    10.622    11.35    7.89
   1502.206    15.080    11.87    4.62
   1877.733    18.348     8.70    5.70
   2253.251    23.711    14.28    7.80
   2628.760    26.332     6.98    7.09
   3004.260    26.536     0.54    6.33
   3379.750    25.286    -3.33    6.25
   3755.231    21.159   -10.99    4.95
   4130.703    17.424    -9.95    5.10
   4506.166    17.442     0.05    4.68
   4881.619    17.596     0.41    4.81
   5257.063    17.611     0.04    5.19
   5632.497    16.109    -4.00    6.19
   6007.923    12.614    -9.31    6.49
   6383.339    10.211    -6.40    5.12
   6758.746    11.561     3.59    6.69
   7134.144    17.314    15.33    7.97
   7509.532    21.611    11.45    5.82
   7884.911    23.486     4.99    3.04
   8260.281    22.019    -3.91    3.48
   8635.642    19.291    -7.27    3.42
   9010.993    17.442    -4.93    2.54
   9386.335    17.288    -0.41    2.73
   9761.668    17.801     1.37    3.13
  10136.992    17.786    -0.04    3.24
  10512.307    18.006     0.59    3.63
  10887.612    18.423     1.11    3.79
  11262.908    20.511     5.56    5.16
  11638.195    21.356     2.25    4.55
  12013.472    21.054    -0.81    3.96
  12388.740    20.961    -0.25    3.76
  12764.000    20.975     0.04    3.95
  13139.250    21.736     2.03    3.54
  13514.490    21.661    -0.20    3.40
  13889.722    21.750     0.24    3.31
  14264.944    22.600     2.27    3.49
  14640.157    23.878     3.41    4.01
  15015.361    26.405     6.74    4.22
  15390.556    28.896     6.64    4.38
  15765.741    29.852     2.55    3.88
  16140.917    30.436     1.55    3.73
  16516.084    31.086     1.73    4.41
  16891.242    31.586     1.33    5.33
  17266.391    33.436     4.93    5.18
  17641.531    33.659     0.60    4.72
  18016.661    33.545    -0.31    3.95
  18391.782    32.186    -3.62    4.06
  18766.894    29.936    -6.00    3.42
  19141.997    27.861    -5.53    3.02
  19517.090    26.596    -3.37    2.56
  19892.175    25.160    -3.83    2.99
  20267.250    23.786    -3.66    2.91
  20642.316    22.088    -4.53    3.65
  21017.373    20.391    -4.53    3.10
  21392.421    19.061    -3.55    2.40
  21767.460    18.396    -1.77    2.17
  22142.489    18.329    -0.18    2.37
  22517.509    18.058    -0.72    2.62
  22892.521    17.340    -1.91    2.33
  23267.523    16.493    -2.26    2.68
  23642.515    16.237    -0.68    2.82
  24017.499    16.381     0.38    2.76
  24393.172    17.997     4.30    2.56
  24769.982    19.161     3.09    2.54
  25146.782    19.160    -0.00    2.80
  25523.573    18.801    -0.95    3.12
  25900.355    17.661    -3.03    3.50
  26277.128    15.896    -4.68    2.99
  26653.891    14.493    -3.72    2.79
  27030.645    13.416    -2.86    2.34
  27407.390    13.237    -0.48    2.03
  27784.126    13.430     0.51    2.58
  28160.853    13.630     0.53    2.50
  28537.570    13.686     0.15    2.71
  28914.278    13.160    -1.40    2.42
  29290.977    13.861     1.86    2.32
  29667.667    14.622     2.02    2.67
  30044.347    15.002     1.01    2.36
  30421.019    14.852    -0.40    1.98
  30797.681    14.263    -1.57    1.97
  31174.334    13.586    -1.80    1.88
  31550.977    13.536    -0.13    2.06
  31927.612    13.647     0.30    2.55
  32304.237    13.722     0.20    2.50
  32680.854    14.133     1.09    3.27
  33057.461    14.361     0.60    3.49
  33434.058    14.904     1.44    3.69
  33810.647    16.259     3.60    4.27
  34187.226    16.611     0.93    3.90
  34563.797    17.436     2.19    3.64
  34940.358    17.724     0.77    3.06
  35316.910    17.852     0.34    2.70
  35693.453    18.836     2.61    2.68
  36069.986    20.461     4.32    2.70
  36446.511    21.468     2.67    2.78
  36823.026    22.186     1.91    3.04
  37199.532    23.596     3.75    3.30
  37576.029    24.436     2.23    3.33
  37952.517    27.015     6.85    4.74
  38328.996    29.775     7.33    4.96
  38705.465    32.461     7.13    4.71
  39081.926    34.981     6.69    3.97
  39458.377    35.986     2.67    3.67
  39834.819    36.771     2.09    3.69
  40211.252    37.083     0.83    3.33
  40587.676    37.386     0.80    3.52
  40964.091    36.344    -2.77    3.52
  41340.497    35.448    -2.38    3.63
  41716.893    34.775    -1.79    4.05
  42093.280    33.786    -2.63    3.68
  42469.659    33.536    -0.66    3.61
  42846.028    32.647    -2.36    4.15
  43222.388    29.966    -7.12    5.57
  43598.739    26.317    -9.70    5.93
  43975.081    24.405    -5.08    4.70
  44351.413    24.006    -1.06    4.33
  44727.737    26.288     6.06    5.36
  45104.051    28.801     6.68    5.25
  45480.357    30.423     4.31    3.69
  45856.653    30.086    -0.90    3.67
  46232.940    29.006    -2.87    4.26
  46609.218    27.545    -3.88    5.23
  46985.487    26.981    -1.50    5.51
  47361.747    25.936    -2.78    5.79
  47737.998    23.886    -5.45    5.08
  48114.240    23.086    -2.13    4.63
  48490.472    22.699    -1.03    4.83
  48866.696    23.886     3.16    4.89
  49242.910    24.493     1.62    3.71
  49619.116    25.567     2.85    2.78
  49995.312    24.673    -2.38    2.57
  50371.499    23.336    -3.55    2.67
  50747.678    21.237    -5.58    3.46
  51123.847    19.340    -5.04    3.11
  51500.007    17.519    -4.84    2.71
  51876.158    15.975    -4.10    3.00
  52252.300    14.936    -2.76    3.99
  52628.433    13.011    -5.12    4.09
  53004.557    11.586    -3.79    3.80
  53380.671    10.636    -2.53    3.17
  53756.777    10.380    -0.68    2.61
  54132.874    10.080    -0.80    2.69
  54508.961    11.159     2.87    3.36
  54885.040    11.786     1.67    4.28
  55261.110    11.468    -0.85    4.40
  55637.170    11.561     0.25    4.58
  56013.222    10.493    -2.84    4.33
  56389.264    10.159    -0.89    3.93
  56765.298    10.186     0.07    3.72
  57141.322     9.844    -0.91    2.82
  57517.337     8.975    -2.31    2.87
  57893.344     8.611    -0.97    3.46
  58269.341     8.344    -0.71    3.70
  58645.330     7.478    -2.30    3.12
  59021.309     7.288    -0.51    3.10
  59397.279     7.827     1.43    3.48
  59773.241     8.611     2.09    3.64
  60149.193     8.314    -0.79    3.64
  60525.136     7.674    -1.70    3.72
  60901.070     6.134    -4.09    3.03
  61276.996     5.552    -1.55    2.88
  61652.912     4.519    -2.75    1.95
  62028.819     4.475    -0.12    1.93
  62404.718     4.486     0.03    2.07
  62780.607     4.659     0.46    2.20
  63156.487     4.416    -0.65    2.05
  63532.359     4.083    -0.89    1.92
  63908.221     4.211     0.34    2.32
  64284.074     5.659     3.85    3.50
  64659.919     6.852     3.17    4.03
  65035.754     6.961     0.29    4.39
  65411.581     6.286    -1.80    3.77
  65787.398     5.286    -2.66    2.76
  66163.207     5.365     0.21    2.21
  66539.006     5.423     0.15    2.32
  66914.797     4.966    -1.21    2.40
  67290.578     5.083     0.31    2.45
  67666.351     5.786     1.87    2.72
  68042.115     7.416     4.34    3.09
  68417.870    10.686     8.70    5.13
  68793.615    13.917     8.60    5.14
  69169.352    17.028     8.28    3.83
  69545.080    18.561     4.08    2.50
  69920.799    19.570     2.69    2.57
  70296.509    20.869     3.46    2.72
  70672.210    22.436     4.17    2.79
  71047.902    23.807     3.65    2.43
  71423.586    25.109     3.46    2.92
  71799.260    25.886     2.07    3.84
  72174.925    28.058     5.78    4.61
  72550.582    29.673     4.30    4.71
  72926.229    31.611     5.16    4.40
  73301.868    35.133     9.38    4.80
  73677.497    38.186     8.13    6.05
  74053.118    42.011    10.18    6.64
  74428.730    45.478     9.23    6.21
  74804.333    47.468     5.30    7.02
  75179.927    48.511     2.78    7.78
  75555.512    54.475    15.88   13.84
  75931.088    70.561    42.83   28.39
  76306.655    84.468    37.03   28.16
  76682.214    96.736    32.66   21.19
  77057.763   103.011    16.71   18.96
  77433.304    96.416   -17.56   20.42
  77808.835    86.405   -26.66   19.33
  78184.358    79.265   -19.01   16.69
  78559.872    72.006   -19.33   10.49
  78935.377    67.861   -11.04    7.75
  79310.873    62.511   -14.25    7.01
  79686.361    58.136   -11.65    6.19
  80061.839    56.213    -5.12    5.29
  80437.308    54.791    -3.79    5.63
  80812.769    53.672    -2.98    5.76
  81188.221    53.699     0.07    4.66
  81563.664    53.236    -1.23    4.16
  81939.098    53.011    -0.60    3.24
  82314.523    52.186    -2.20    3.38
  82689.939    50.596    -4.23    3.66
  83065.346    49.161    -3.82    3.41
  83440.745    51.039     5.00    5.30
  83816.135    52.054     2.70    5.53
  84191.516    52.436     1.02    5.07
  84566.888    52.212    -0.60    4.61
  84942.251    52.186    -0.07    4.46
  85317.605    51.596    -1.57    5.10
  85692.950    51.211    -1.03    5.96
  86068.287    49.109    -5.60    5.67
  86443.615    44.750   -11.61    5.35
  86818.934    41.405    -8.91    4.87
  87194.244    38.213    -8.51    5.44
  87569.545    35.747    -6.57    6.59
  87944.838    32.975    -7.38    7.04
  88320.121    30.852    -5.66    6.10
  88695.396    31.006     0.41    5.95
  89070.662    31.344     0.90    5.74
  89445.919    33.861     6.71    7.12
  89821.167    36.545     7.15   10.04
  90196.407    39.365     7.52   12.92
  90571.638    42.942     9.53   15.43
  90946.860    43.456     1.37   17.98
  91322.073    45.308     4.93   23.38
  91697.277    51.186    15.67   28.54
  92072.472    70.411    51.24   45.73
  92447.659   104.211    90.08   67.06
  92822.837   144.955   108.59   65.56
  93198.006   164.625    52.43   49.74
  93573.166   163.028    -4.26   53.68
  93948.318   143.136   -53.02   61.31
  94323.460   124.942   -48.49   55.00
  94698.594   113.869   -29.52   53.05
  95073.719   101.486   -33.01   48.10
  95448.836    90.159   -30.19   38.97
  95823.943    73.314   -44.91   22.86
  96199.042    63.288   -26.73   11.57
  96574.132    58.314   -13.26    7.71
  96949.213    53.080   -13.95    6.14
  97324.286    49.791    -8.77    4.68
  97699.350    47.493    -6.13    3.29
  98074.404    46.019    -3.93    2.89
  98449.451    45.236    -2.09    3.48
  98824.488    44.011    -3.27    3.70
  99199.517    43.336    -1.80    3.83
  99575.642    42.211    -2.99    3.96
  99952.414    41.133    -2.86    3.76
 100329.178    41.043    -0.24    4.03
 100705.932    41.109     0.17    3.35
 101082.677    40.811    -0.79    2.58
 101459.414    38.486    -6.17    3.34
 101836.142    36.263    -5.90    4.01
 102212.861    34.186    -5.51    4.49
 102589.571    32.396    -4.75    3.74
 102966.273    32.236    -0.43    3.43
 103342.965    31.288    -2.51    3.58
 103719.649    30.311    -2.60    3.64
 104096.324    28.336    -5.24    3.32
 104472.990    27.797    -1.43    3.28
 104849.647    28.738     2.50    3.87
 105226.296    29.265     1.40    4.02
 105602.936    29.423     0.42    4.32
 105979.567    27.647    -4.71    3.60
 106356.189    26.370    -3.39    1.83
 106732.802    27.622     3.32    3.56
 107109.406    29.647     5.38    4.44
 107486.002    31.396     4.64    4.49
 107862.589    32.991     4.23    4.48
 108239.167    34.344     3.59    4.11
 108615.737    36.503     5.73    3.80
 108992.297    37.622     2.97    3.47
 109368.849    39.086     3.89    3.60
 109745.392    41.036     5.18    3.81
 110121.926    42.724     4.48    4.59
 110498.452    44.305     4.20    4.16
 110874.968    45.344     2.76    4.11
 111251.476    53.611    21.96   21.21
 111627.975    71.468    47.43   32.37
 112004.466    81.478    26.59   29.24
 112380.947    88.311    18.15   20.84
 112757.420    86.738    -4.18   12.68
 113133.884    85.161    -4.19   10.81
 113510.340    86.711     4.12   11.68
 113886.786    85.869    -2.24   10.54
 114263.224    81.736   -10.98   10.57
 114639.653    78.212    -9.36    8.67
 115016.074    77.618    -1.58   13.12
 115392.485    89.537    31.66   32.07
 115768.888   119.586    79.83   48.59
 116145.282   159.036   104.80   57.75
 116521.668   188.061    77.11   48.86
 116898.044   198.136    26.77   32.02
 117274.412   190.002   -21.61   35.85
 117650.771   164.625   -67.42   44.86
 118027.122   131.844   -87.10   46.56
 118403.464   104.468   -72.74   43.99
 118779.797    77.736   -71.03   38.56
 119156.121    66.028   -31.11   28.00
 119532.436    64.088    -5.15   27.06
 119908.743    60.416    -9.76   22.17
 120285.041    59.801    -1.64   19.67
 120661.331    63.904    10.90   23.40
 121037.612    66.391     6.61   26.09
 121413.884    76.234    26.16   32.61
 121790.147    99.402    61.57   37.57
 122166.402   119.210    52.64   39.44
 122542.648   123.365    11.04   37.06
 122918.885   110.955   -32.98   46.45
 123295.113    90.886   -53.34   52.55
 123671.333    65.475   -67.54   39.73
 124047.544    70.263    12.72   46.52
 124423.747   107.955   100.18   69.74
 124799.941   155.054   125.19   67.22
 125176.126   190.936    95.38   40.86
 125552.302   205.575    38.91   18.96
 125928.470   197.986   -20.17   29.71
 126304.629   182.852   -40.23   33.72
 126680.779   170.827   -31.97   33.16
 127056.921   163.981   -18.20   30.99
 127433.054   152.580   -30.31   34.55
 127809.178   131.567   -55.87   48.79
 128185.294   101.801   -79.13   48.89
 128561.401    79.161   -60.19   42.86
 128937.500    65.186   -37.16   25.59
 129313.589    67.336     5.72   26.30
 129689.671    83.805    43.79   33.60
 130065.743   107.975    64.27   38.35
 130441.807   130.411    59.65   36.40
 130817.862   152.436    58.56   26.15
 131193.908   164.137    31.11   28.97
 131569.946   178.711    38.75   29.59
 131945.976   198.325    52.16   24.87
 132321.996   198.051    -0.73   30.40
 132698.008   187.699   -27.53   42.99
 133074.011   183.061   -12.34   49.80
 133450.006   161.186   -58.17   53.83
 133825.992   144.961   -43.15   54.23
 134201.970   120.775   -64.32   50.61
 134577.938   100.396   -54.20   34.73
 134953.899    90.836   -25.43   26.45
 135329.850    79.454   -30.27   19.73
 135705.793    71.673   -20.70   13.57
 136081.728    63.886   -20.71   15.08
 136457.653    56.107   -20.69   13.68
 136833.570    51.210   -13.02    9.68
 137209.479    46.365   -12.89    5.05
 137585.379    45.336    -2.74    4.65
 137961.270    44.686    -1.73    5.09
 138337.153    44.134    -1.47    5.33
 138713.027    42.454    -4.47    6.08
 139088.892    40.456    -5.32    4.48
 139464.749    40.088    -0.98    4.20
 139840.598    41.054     2.57    4.36
 140216.438    43.647     6.90    4.39
 140592.269    47.661    10.68    9.19
 140968.091    50.028     6.30   12.86
 141343.905    48.673    -3.61   14.19
 141719.711    44.570   -10.92   14.91
 142095.508    38.580   -15.94   10.54
 142471.296    35.586    -7.97    4.64
 142847.076    37.269     4.48    5.53
 143222.847    40.795     9.38    5.81
 143598.609    43.827     8.07    4.33
 143974.363    45.134     3.48    3.86
 144350.109    45.391     0.68    4.53
 144725.846    44.475    -2.44    5.46
 145101.574    44.900     1.13    6.28
 145477.294    44.750    -0.40    6.51
 145853.005    43.136    -4.30    6.03
 146228.708    41.288    -4.92    5.49
 146604.402    39.210    -5.53    4.38
 146980.087    39.869     1.75    4.80
 147355.764    42.607     7.29    5.60
 147731.433    44.461     4.93    5.31
 148107.093    46.811     6.26    5.50
 148482.744    47.836     2.73    4.76
 148858.387    49.911     5.52    4.66
 149234.021    53.159     8.65    5.70
 149609.647    56.645     9.28    5.67
 149985.264    61.483    12.88    9.43
 150360.873    66.536    13.45   12.09
 150736.473    67.064     1.41   11.92
 151112.065    64.699    -6.30    8.35
 151487.648    61.161    -9.42    5.44
 151863.223    58.265    -7.71    5.21
 152238.789    55.722    -6.77    5.45
 152614.347    53.236    -6.62    4.90
 152989.896    51.058    -5.80    3.99
 153365.437    50.361    -1.86    3.66
 153740.969    49.519    -2.24    3.36
 154116.493    48.257    -3.36    3.56
 154492.008    46.502    -4.67    4.88
 154867.514    44.237    -6.03    4.19
 155243.012    42.724    -4.03    3.82
 155618.502    42.160    -1.50    5.72
 155993.983    41.136    -2.73    6.11
 156369.456    39.186    -5.19    6.73
 156744.920    36.852    -6.21    5.67
 157120.376    35.844    -2.69    3.47
 157495.823    36.607     2.03    3.69
 157871.262    38.109     4.00    3.86
 158246.692    40.002     5.04    3.41
 158622.114    40.261     0.69    2.99
 158997.527    40.107    -0.41    3.28
 159372.932    39.032    -2.86    3.40
 159748.329    38.186    -2.25    2.83
 160123.717    37.633    -1.47    3.03
 160499.096    36.698    -2.49    3.11
 160874.467    36.107    -1.57    3.06
 161249.830    35.236    -2.32    2.81
 161625.184    33.237    -5.32    3.38
 162000.529    31.340    -5.05    3.95
 162375.867    29.747    -4.24    3.89
 162751.195    29.212    -1.42    3.82
 163126.516    28.511    -1.87    3.74
 163501.828    27.807    -1.87    3.71
 163877.131    27.332    -1.27    3.57
 164252.426    26.955    -1.00    4.18
 164627.713    27.775     2.19    4.52
 165002.991    28.416     1.71    4.47
 165378.260    27.554    -2.30    4.98
 165753.522    27.878     0.86    3.71
 166128.774    27.827    -0.14    2.71
 166504.019    26.852    -2.60    3.53
 166879.255    26.134    -1.91    3.19
 167254.482    25.575    -1.49    3.64
 167629.702    23.893    -4.48    4.31
 168004.912    22.416    -3.93    4.86
 168380.115    20.673    -4.65    4.94
 168755.309    18.981    -4.51    4.47
 169130.494    19.493     1.37    4.62
 169505.671    18.686    -2.15    5.16
 169880.840    18.878     0.51    4.82
 170256.000    17.811    -2.84    4.74
 170631.152    17.291    -1.39    5.17
 171006.295    16.186    -2.95    5.95
 171381.431    15.236    -2.53    5.62
 171756.557    14.102    -3.02    5.02
 172131.676    12.673    -3.81    4.20
 172506.785    12.386    -0.77    4.76
 172881.887    13.109     1.93    5.43
 173256.980    14.673     4.17    6.29
 173632.065    16.975     6.14    5.89
 174007.141    19.291     6.17    4.25
 174382.209    19.269    -0.06    4.21
 174758.750    19.386     0.31    2.99
 175135.482    19.405     0.05    2.39
 175512.205    18.929    -1.26    2.45
 175888.919    15.911    -8.01    5.46
 176265.625    14.633    -3.39    6.10
 176642.323    13.061    -4.17    6.16
 177019.012    11.461    -4.25    5.68
 177395.693     9.370    -5.55    5.98
 177772.365     7.236    -5.67    5.10
 178149.029     5.493    -4.63    3.95
 178525.685     4.186    -3.47    3.47
 178902.332     4.442     0.68    4.68
 179278.971     4.786     0.91    4.86
 179655.601     4.263    -1.39    5.02
 180032.223     3.724    -1.43    4.76
 180408.836     3.411    -0.83    4.32
 180785.441     2.852    -1.48    4.08
 181162.037     3.886     2.74    5.03
 181538.626     4.929     2.77    5.17
 181915.205     5.240     0.82    5.57
 182291.777     6.817     4.19    5.80
 182668.340     8.047     3.26    5.62
 183044.894    10.636     6.87    4.91
 183421.440    10.801     0.44    4.82
 183797.978     9.986    -2.17    5.79
 184174.507     8.134    -4.92    5.41
 184551.028     5.769    -6.28    5.00
 184927.541     3.771    -5.31    5.55
 185304.045     2.596    -3.12    5.77
 185680.541     0.423    -5.77    5.56
 186057.028    -2.114    -6.74    4.33
 186433.507    -3.122    -2.68    3.71
 186809.977    -4.164    -2.77    2.67
 187186.440    -4.327    -0.43    3.11
 187562.894    -3.019     3.47    4.99
 187939.339    -1.430     4.22    5.50
 188315.776     0.981     6.40    5.42
 188692.205     3.039     5.47    4.04
 189068.625     3.741     1.86    3.37
 189445.037     4.160     1.11    3.15
 189821.441     4.923     2.03    2.67
 190197.836     4.109    -2.16    3.12
 190574.223     1.961    -5.71    4.90
 190950.602     1.348    -1.63    5.27
 191326.972     4.340     7.95    6.30
 191703.334     6.622     6.06    6.24
 192079.688     8.080     3.88    3.06
 192456.033     8.186     0.28    3.37
 192832.370     8.564     1.01    3.44
 193208.698     9.503     2.49    4.10
 193585.018    11.160     4.40    5.30
 193961.330    12.724     4.16    5.57
 194337.634    14.545     4.84    5.25
 194713.929    15.186     1.70    5.13
 195090.216    14.942    -0.65    4.36
 195466.494    14.852    -0.24    3.69
 195842.764    15.511     1.75    3.81
 196219.026    17.699     5.81    4.66
 196595.280    19.820     5.64    4.24
 196971.525    21.286     3.90    3.41
 197347.762    21.870     1.55    3.09
 197723.991    19.411    -6.54    4.96
 198100.211    16.986    -6.45    5.12
 198476.423    15.336    -4.39    4.90
 198852.627    14.936    -1.06    4.17
 199228.822    14.402    -1.42    4.14
 199605.009    14.186    -0.57    3.73
 199981.188    11.159    -8.04    4.82
 200357.359     6.436   -12.56    7.02
 200733.521     0.649   -15.38    8.12
 201109.675    -4.455   -13.57    7.23
 201485.820    -8.564   -10.92    4.95
 201861.958   -10.683    -5.63    2.00
 202238.087   -10.364     0.85    2.12
 202614.207   -10.448    -0.22    2.13
 202990.320    -9.893     1.48    1.96
 203366.424    -9.989    -0.26    2.05
 203742.520   -10.104    -0.30    1.77
 204118.608    -6.083    10.69    7.34
 204494.687    -0.276    15.44    9.90
 204870.758     7.161    19.77   10.41
 205246.821    14.475    19.45    7.07
 205622.876    17.955     9.25    5.85
 205998.922    19.161     3.21    5.94
 206374.960    17.213    -5.18    6.37
 206750.990    14.869    -6.23    6.38
 207127.012    11.801    -8.16    6.60
 207503.025     7.622   -11.11    5.51
 207879.030     3.765   -10.26    5.00
 208255.027     0.491    -8.70    5.57
 208631.015    -3.389   -10.32    5.46
 209006.996    -5.737    -6.24    4.50
 209382.968    -7.250    -4.02    3.49
 209758.932    -8.045    -2.11    3.66
 210134.887    -8.537    -1.31    4.00
 210510.835    -8.717    -0.48    3.61
 210886.774    -9.327    -1.62    3.09
 211262.705    -8.946     1.01    2.81
 211638.627    -9.339    -1.05    2.78
 212014.542   -10.404    -2.83    3.22
 212390.448   -10.639    -0.63    3.36
 212766.346   -10.763    -0.33    3.46
 213142.236   -10.039     1.93    3.34
 213518.118    -9.378     1.76    2.30
 213893.991    -7.814     4.16    3.97
 214269.856    -6.314     3.99    5.24
 214645.713    -3.842     6.58    5.37
 215021.562    -4.235    -1.05    5.00
 215397.402    -6.446    -5.88    4.90
 215773.235    -8.420    -5.25    3.68
 216149.059    -8.609    -0.50    3.13
 216524.875    -7.709     2.39    3.41
 216900.683    -6.866     2.24    3.02
 217276.482    -6.972    -0.28    3.51
 217652.274    -7.972    -2.66    4.18
 218028.057    -9.131    -3.08    4.58
 218403.832   -10.058    -2.46    4.94
 218779.599   -12.239    -5.81    4.02
 219155.357   -13.683    -3.84    2.33
 219531.108   -13.214     1.25    2.65
 219906.850   -13.045     0.45    2.41
 220282.584   -12.584     1.23    2.57
 220658.310   -12.717    -0.35    2.62
 221034.028   -13.130    -1.10    2.41
 221409.737   -13.464    -0.89    2.32
 221785.439   -13.949    -1.29    2.11
 222161.132   -13.497     1.20    2.27
 222536.817   -13.840    -0.91    2.85
 222912.494   -13.314     1.40    2.98
 223288.163   -13.173     0.38    3.38
 223663.824   -13.130     0.11    3.00
 224039.476   -12.584     1.45    4.24
 224415.121   -12.341     0.65    4.43
 224790.757   -12.498    -0.42    4.13
 225166.385   -12.762    -0.70    3.78
 225542.005   -11.953     2.15    4.07
 225917.616    -9.639     6.16    4.32
 226293.220    -7.739     5.06    4.00
 226668.816    -7.173     1.51    3.43
 227044.403    -6.814     0.96    2.95
 227419.982    -6.814     0.00    3.24
 227795.553    -7.739    -2.46    3.91
 228171.116    -8.122    -1.02    5.02
 228546.671    -8.064     0.15    5.38
 228922.218    -9.235    -3.12    5.06
 229297.756    -9.917    -1.81    3.94
 229673.287   -10.205    -0.77    4.13
 230048.809    -8.703     4.00    4.70
 230424.324    -8.096     1.62    4.25
 230799.830    -6.096     5.33    4.19
 231175.328    -3.635     6.55    5.31
 231550.818    -1.239     6.38    4.82
 231926.300     0.443     4.48    2.68
 232301.773    -0.393    -2.23    3.67
 232677.239    -2.209    -4.84    4.34
 233052.697    -4.089    -5.01    4.57
 233428.146    -4.936    -2.26    4.35
 233803.587    -3.972     2.57    3.90
 234179.021    -3.239     1.95    3.84
 234554.446    -3.525    -0.76    4.75
 234929.863    -4.739    -3.23    5.71
 235305.272    -7.071    -6.21    6.19
 235680.673    -9.051    -5.27    5.84
 236056.066   -11.464    -6.43    4.58
 236431.450   -12.525    -2.82    3.53
 236806.827   -13.522    -2.66    1.93
 237182.196   -13.584    -0.16    2.19
 237557.556   -13.664    -0.22    2.19
 237932.909   -14.250    -1.56    2.11
 238308.253   -14.472    -0.59    1.71
 238683.590   -14.589    -0.31    1.62
 239058.918   -14.064     1.40    1.61
 239434.238   -13.558     1.35    1.76
 239809.550   -13.051     1.35    2.03
 240184.854   -13.314    -0.70    2.01
 240560.151   -13.420    -0.28    2.19
 240935.439   -13.759    -0.90    2.25
 241310.719   -13.964    -0.55    2.17
 241685.990   -14.558    -1.58    1.80
 242061.254   -14.737    -0.48    1.36
 242436.510   -14.737     0.00    1.40
 242811.758   -14.735     0.01    1.55
 243186.998   -14.124     1.63    2.41
 243562.230   -13.635     1.30    2.42
 243937.453   -13.764    -0.35    2.53
 244312.669   -13.737     0.07    2.60
 244687.877   -13.589     0.39    2.76
 245063.076   -11.839     4.67    5.68
 245438.268   -10.393     3.85    5.96
 245813.452    -8.364     5.41    5.86
 246188.627    -6.889     3.93    5.39
 246563.795    -6.364     1.40    5.09
 246938.954    -7.214    -2.27    3.17
 247314.106    -7.841    -1.67    2.72
 247689.249    -9.139    -3.46    2.31
 248064.385    -8.733     1.08    3.77
 248439.512    -9.539    -2.15    4.04
 248814.632   -10.009    -1.25    4.23
 249189.743    -9.891     0.32    4.00
 249565.070    -9.864     0.07    3.05
 249941.774    -8.972     2.37    2.41
 250318.469    -8.448     1.39    2.35
 250695.156    -8.214     0.62    2.36
 251071.836   -10.130    -5.09    4.41
 251448.507   -13.464    -8.85    6.53
 251825.170   -15.584    -5.63    6.58
 252201.825   -17.546    -5.21    4.89
 252578.472   -19.660    -5.61    3.04
 252955.111   -19.489     0.45    2.42
 253331.742   -18.917     1.52    2.75
 253708.365   -18.353     1.50    3.22
 254084.980   -18.289     0.17    2.86
 254461.587   -18.481    -0.51    2.06
 254838.186   -17.189     3.43    3.39
 255214.777   -15.635     4.13    4.84
 255591.359   -13.490     5.69    6.65
 255967.934   -11.498     5.29    7.33
 256344.501   -11.592    -0.25    6.97
 256721.060   -10.639     2.53    6.51
 257097.610   -12.430    -4.75    5.50
 257474.153   -14.148    -4.56    3.26
 257850.687   -14.045     0.27    2.94
 258227.214   -13.287     2.01    2.56
 258603.733   -11.278     5.33    3.84
 258980.243    -9.378     5.04    4.25
 259356.746    -8.148     3.27    4.31
 259733.240    -6.064     5.53    3.89
 260109.727    -4.942     2.98    4.05
 260486.205    -3.664     3.39    3.92
 260862.676    -2.446     3.24    3.31
 261239.138    -1.199     3.31    3.72
 261615.593     0.237     3.81    3.58
 261992.039     1.904     4.43    3.51
 262368.478     2.911     2.67    3.58
 262744.908     3.713     2.13    3.77
 263121.331     5.461     4.64    3.76
 263497.745     6.423     2.55    4.06
 263874.152     6.493     0.19    4.29
 264250.551     5.211    -3.41    4.69
 264626.941     4.375    -2.22    4.34
 265003.324     4.336    -0.10    4.14
 265379.699     5.570     3.28    4.14
 265756.065     6.975     3.73    3.82
 266132.424     7.109     0.35    3.88
 266508.775     6.186    -2.45    4.45
 266885.118     4.893    -3.43    4.33
 267261.452     4.032    -2.29    4.01
 267637.779     4.580     1.46    3.98
 268014.098     6.750     5.76    4.20
 268390.409     9.058     6.13    3.47
 268766.712    11.736     7.12    4.47
 269143.007    13.750     5.35    4.42
 269519.294    15.586     4.88    3.99
 269895.573    16.791     3.20    3.74
 270271.845    16.836     0.12    3.53
 270648.108    15.961    -2.33    3.59
 271024.363    14.130    -4.86    3.67
 271400.610    12.237    -5.03    2.94
 271776.850    11.775    -1.23    2.84
 272153.081    12.212     1.16    2.56
 272529.305    11.827    -1.02    2.70
 272905.521    11.686    -0.37    2.71
 273281.728    11.622    -0.17    2.49
 273657.928    10.288    -3.54    2.40
 274034.120     8.423    -4.96    2.49
 274410.304     7.234    -3.16    2.80
 274786.480     5.861    -3.65    2.64
 275162.648     4.586    -3.39    2.41
 275538.808     4.237    -0.93    2.74
 275914.961     4.111    -0.34    2.39
 276291.105     4.086    -0.07    2.35
 276667.241     3.981    -0.28    1.73
 277043.370     4.234     0.67    2.10
 277419.491     3.738    -1.32    2.02
 277795.603     3.361    -1.00    2.07
 278171.708     3.456     0.25    2.22
 278547.805     2.942    -1.37    2.23
 278923.894     1.904    -2.76    2.32
 279299.975     0.370    -4.08    2.41
 279676.049    -1.045    -3.76    2.39
 280052.114    -2.039    -2.64    2.28
 280428.172    -3.019    -2.61    1.94
 280804.221    -3.122    -0.27    2.27
 281180.263    -3.051     0.19    2.38
 281556.297    -3.409    -0.95    1.83
 281932.323    -3.675    -0.71    1.59
 282308.341    -3.614     0.16    1.65
 282684.351    -3.912    -0.79    1.80
 283060.354    -4.472    -1.49    1.95
 283436.348    -5.039    -1.51    1.78
 283812.335    -5.104    -0.17    1.93
 284188.314    -4.814     0.77    2.12
 284564.285    -4.489     0.86    2.03
 284940.248    -4.156     0.89    1.95
 285316.203    -3.737     1.11    2.04
 285692.150    -3.430     0.82    2.09
 286068.090    -4.107    -1.80    2.55
 286444.022    -5.247    -3.03    3.29
 286819.945    -7.164    -5.10    3.12
 287195.861    -8.917    -4.66    1.93
 287571.769    -9.737    -2.18    1.56
 287947.670   -10.058    -0.85    1.28
 288323.562   -10.214    -0.42    1.08
