# NaN NaN NaN ;Mean Elev.(m), Avg Gradient(m/km), RMS Gradient(m/km) - SRTM1     
#  114.097  -1.513   5.312 ;Mean Elev.(m), Avg Gradient(m/km), RMS Gradient(m/km) - ASTER GDEM
#  122.247  -1.462   4.869 ;Mean Elev.(m), Avg Gradient(m/km), RMS Gradient(m/km) - GMTED2010 
  6 105.063680  16.109669   126.547   126.547  2 52441.13175594 32.692
  7 105.067618  16.106134   130.432   130.432  2 52476.13175331 42.866
  8 105.075394  16.096693   132.449   132.471  5 52511.13170725 44.533
  9 105.073756  16.097527   128.392   127.192  5 52546.13172803 31.023
 10 105.071222  16.100034   122.886   122.864  4 52581.13174979 27.957
 11 105.067436  16.106194   123.038   123.151  3 52616.13171868 32.019
 12 105.076931  16.095730   121.088   121.065  5 52651.13169723 30.665
 13 105.073683  16.099052   120.818   120.702  5 52686.13168689 40.139
 14 105.070597  16.100547   121.103   120.980  4 52721.13173667 40.851
 15 105.061249  16.113500   121.767   121.767  2 52756.13175765 45.445
 16 105.073768  16.097904   121.027   120.960  5 52791.13170963 39.522
 17 105.075218  16.097257   123.643   123.619  4 52826.13177896 31.360
 18 105.076565  16.096442   124.885   124.921  4 52861.13182473 30.688
 19 105.069474  16.103224   131.441   130.616  4 52896.13185396 35.247
 20 105.068022  16.107089   123.319   123.323  3 52931.13180137 32.586
 21 105.075162  16.098036   121.152   121.140  5 52966.13179965 32.800
 22 105.066125  16.108332   121.056   121.056  2 53001.13182846 39.494
 23 105.068045  16.105653   120.471   120.485  4 53036.13177803 39.935
 24 105.071090  16.100364   119.909   120.015  4 53071.13180062 36.377
 25 105.067529  16.107305   120.317   120.329  3 53106.13177880 41.175
 26 105.072857  16.099008   120.876   120.859  4 53141.13180767 40.506
 28 105.069363  16.101256   126.623   126.593  5 53211.13185644 39.539
 29 105.071724  16.099756   128.917   128.922  4 53246.13182472 32.128
 30 105.070659  16.099658   126.339   126.262  5 53281.13181000 33.308
 31 105.072657  16.099132   122.246   122.218  5 53316.13182208 36.160
 32 105.074391  16.098571   121.266   121.188  5 53351.13178783 33.511
 33 105.072434  16.099341   120.947   120.892  4 53386.13177227 37.092
 34 105.077796  16.095068   118.455   118.315  3 53421.13177650 37.525
 35 105.076194  16.096451   120.159   119.948  5 53456.13178170 36.792
 36 105.066263  16.108455   121.333   121.333  2 53491.13186466 40.831
 37 105.074889  16.096809   120.727   120.673  4 53526.13184932 34.887
 38 105.066246  16.109474   131.279   131.279  2 53561.13187575 28.377
 39 105.074999  16.097960   131.514   131.442  5 53596.13181635 34.665
 40 105.069156  16.102696   128.378   128.352  4 53631.13180977 38.983
 41 105.068607  16.105005   123.862   123.701  3 53666.13183254 29.015
 42 105.073632  16.098803   122.015   122.003  5 53701.13178466 35.828
 43 105.074050  16.098649   121.054   121.001  4 53736.13169492 35.995
 44 105.077086  16.095851   119.720   119.757  4 53771.13169922 37.431
 45 105.073877  16.099014   120.395   120.419  5 53806.13169017 39.765
 47 105.073931  16.097792   120.664   120.616  4 53876.13175782 38.045
 48 105.067399  16.105197   122.420   122.441  3 53911.13180509 37.446
 49 105.064369  16.109169   128.099   128.099  2 53946.13182294 41.564
 50 105.069678  16.104078   129.664   129.636  3 53981.13176930 42.586
 51 105.074729  16.097277   126.629   126.643  5 54016.13179188 37.284
 52 105.078115  16.093864   121.552   121.567  4 54051.13179256 31.162
 53 105.071810  16.099776   121.150   121.177  5 54086.13178357 33.148
 54 105.069459  16.100996   120.631   120.563  5 54121.13170890 40.740
 55 105.071029  16.100221   120.385   120.309  5 54156.13174271 40.376
 56 105.070113  16.100352   120.103   120.039  4 54191.13170696 35.839
 57 105.071286  16.099107   120.530   120.526  4 54226.13175363 40.234
 58 105.072194  16.098831   121.582   121.520  5 54261.13177369 39.781
 59 105.072427  16.099835   125.078   123.235  5 54296.13177816 36.836
 60 105.072743  16.099306   128.029   128.047  5 54331.13176977 37.124
 61 105.070582  16.101524   127.526   127.494  5 54366.13171268 38.641
 62 105.072742  16.098666   123.944   123.925  5 54401.13171218 36.095
 63 105.070309  16.099219   121.594   121.595  5 54436.13166941 37.209
 64 105.074758  16.098209   120.764   120.670  4 54471.13169644 36.672
 65 105.070824  16.100289   120.864   120.820  5 54506.13168212 38.176
 66 105.072865  16.097834   120.420   120.320  4 54541.13171121 37.474
 67 105.071018  16.100638   120.489   120.388  5 54576.13168313 37.387
 68 105.072058  16.098382   121.918   121.918  4 54611.13170282 41.415
 69 105.071363  16.100192   124.611   124.586  4 54646.13171003 36.509
 70 105.071013  16.098944   130.604   130.602  5 54681.13171107 43.931
 71 105.071315  16.099475   128.469   128.479  5 54716.13166057 40.879
 72 105.071769  16.099210   125.512   125.472  4 54751.13168278 34.870
 73 105.070823  16.098879   123.780   123.749  5 54786.13165040 35.921
 74 105.073113  16.099165   121.601   121.505  5 54821.13167577 38.155
 75 105.071814  16.099549   120.942   120.967  5 54856.13164646 38.374
 76 105.070076  16.100577   120.556   120.546  4 54891.13167971 40.378
 77 105.069364  16.103084   120.492   120.305  4 54926.13164406 44.381
 78 105.071218  16.099140   120.620   120.579  5 54961.13167769 40.773
 79 105.069802  16.102311   124.693   122.937  5 54996.13169899 36.808
 80 105.070848  16.098965   127.393   127.275  5 55031.13168918 39.606
 81 105.072071  16.099506   126.114   126.156  4 55066.13167870 33.115
 82 105.069390  16.104210   125.884   125.806  3 55101.13161995 31.654
 83 105.072091  16.098817   122.144   122.041  4 55136.13162504 33.248
 84 105.071223  16.099801   121.035   121.029  5 55171.13158718 41.312
 85 105.072373  16.099839   120.453   120.535  5 55206.13161826 42.695
 86 105.069737  16.100967   120.417   120.510  5 55241.13159315 36.952
 87 105.070845  16.099629   119.924   119.850  5 55276.13161203 40.073
 88 105.070799  16.099311   120.395   120.453  5 55311.13157707 40.634
 89 105.072428  16.098947   121.131   121.061  5 55346.13158153 38.173
 90 105.071245  16.100201   122.296   122.163  4 55381.13157389 34.654
 91 105.073021  16.099325   126.742   126.698  4 55416.13160053 35.299
 92 105.071963  16.099721   127.115   127.041  4 55451.13158493 35.305
 93 105.071217  16.100812   126.414   124.497  5 55486.13150891 36.054
