# NaN NaN NaN ;Mean Elev.(m), Avg Gradient(m/km), RMS Gradient(m/km) - SRTM1     
#  124.753   0.288   4.729 ;Mean Elev.(m), Avg Gradient(m/km), RMS Gradient(m/km) - ASTER GDEM
#  136.045   0.237   3.238 ;Mean Elev.(m), Avg Gradient(m/km), RMS Gradient(m/km) - GMTED2010 
  8   141.212 52478.61832701 50.79 104.787855  17.122158 39.563
  8   141.208 52478.61832766 49.93 104.787085  17.125468 39.563
  8   141.291 52478.61832830 51.92 104.786315  17.128768 39.563
  8   141.114 52478.61832895 50.66 104.785535  17.132068 39.563
  8   141.270 52478.61832959 49.14 104.784765  17.135368 39.563
  9   142.332 52513.61827506 49.87 104.796829  17.145713 38.739
  9   142.293 52513.61827570 49.94 104.796059  17.149013 38.739
  9   142.357 52513.61827635 46.77 104.795289  17.152323 38.739
  9   142.359 52513.61827699 47.01 104.794509  17.155623 38.739
 10   138.215 52548.61831453 50.63 104.788005  17.125272 20.259
 10   138.203 52548.61831518 52.86 104.787225  17.128582 20.259
 10   138.255 52548.61831582 49.47 104.786460  17.131872 37.592
 10   138.159 52548.61831647 51.52 104.785680  17.135182 37.592
 10   138.139 52548.61831711 48.87 104.784910  17.138482 37.592
 11   135.453 52583.61831156 45.50 104.794282  17.133687 32.263
 11   135.469 52583.61831221 53.75 104.793512  17.136987 32.263
 11   135.523 52583.61831285 51.75 104.792742  17.140287 32.263
 11   135.667 52583.61831350 50.53 104.791972  17.143587 32.263
 11   135.738 52583.61831414 48.90 104.791192  17.146887 32.263
 11   135.582 52583.61831479 40.13 104.790422  17.150187 32.263
 12   134.311 52618.61828636 52.27 104.789740  17.128615 33.468
 12   134.270 52618.61828701 50.99 104.788960  17.131915 33.468
 12   134.296 52618.61828765 48.47 104.788190  17.135215 33.468
 12   134.417 52618.61828830 45.20 104.787420  17.138515 33.468
 12   134.282 52618.61828894 34.34 104.786650  17.141815 33.468
 13   134.339 52653.61826639 46.81 104.796622  17.140672 23.959
 13   134.260 52653.61826703 44.24 104.795852  17.143972 23.959
 13   134.099 52653.61826768 31.55 104.795072  17.147272 23.959
 13   133.950 52653.61826832 24.01 104.794302  17.150572 23.959
 13   134.560 52653.61826897 20.68 104.793532  17.153872 23.959
 14   132.887 52688.61826375 51.47 104.793209  17.132734 23.745
 14   132.858 52688.61826439 52.29 104.792439  17.136034 23.745
 14   132.997 52688.61826504 47.61 104.791669  17.139334 23.745
 14   133.002 52688.61826568 47.10 104.790899  17.142634 23.745
 14   132.857 52688.61826632 45.41 104.790119  17.145934 23.745
 15   132.474 52723.61830891 44.50 104.791402  17.129983 11.856
 15   132.216 52723.61830956 34.05 104.790632  17.133283 11.856
 15   141.594 52723.61831020 26.16 104.789862  17.136583 11.856
 15   132.497 52723.61831085 27.37 104.789082  17.139883 11.856
 15   132.204 52723.61831149 29.78 104.788312  17.143183 11.856
 16   132.204 52758.61832707 48.67 104.784030  17.116391 21.440
 16   132.327 52758.61832772 47.93 104.783250  17.119691 21.440
 16   132.332 52758.61832836 48.48 104.782480  17.122991 21.440
 16   132.281 52758.61832901 45.09 104.781710  17.126291 21.440
 17   133.827 52793.61828330 45.79 104.792542  17.130712 17.744
 17   133.848 52793.61828395 45.41 104.791762  17.134012 17.744
 17   133.860 52793.61828459 46.62 104.790992  17.137312 17.744
 17   133.770 52793.61828524 45.23 104.790222  17.140612 17.744
 17   134.004 52793.61828588 47.71 104.789442  17.143912 17.744
 17   133.780 52793.61828653 39.79 104.788672  17.147212 17.744
 18   143.374 52828.61835152 31.14 104.793738  17.134794 17.672
 18   142.501 52828.61835216 28.38 104.792958  17.138094 17.672
 18   143.031 52828.61835280 24.20 104.792188  17.141394 17.672
 18   142.247 52828.61835345 24.35 104.791418  17.144694 17.672
 18   141.340 52828.61835409 26.24 104.790638  17.147994 17.672
 19   137.703 52863.61839677 46.46 104.795522  17.137375 24.419
 19   137.671 52863.61839742 48.07 104.794742  17.140675 24.419
 19   137.685 52863.61839806 40.27 104.793972  17.143975 24.419
 19   137.617 52863.61839871 33.30 104.793202  17.147275 24.419
 19   137.749 52863.61839935 33.04 104.792422  17.150575 24.419
 20   144.354 52898.61842480 25.30 104.790291  17.129394 19.988
 20   143.482 52898.61842544 23.67 104.789521  17.132694 19.988
 20   142.880 52898.61842609 23.37 104.788751  17.135994 19.988
 20   142.136 52898.61842673 25.44 104.787981  17.139294 19.988
 20   141.621 52898.61842738 27.72 104.787201  17.142594 19.988
 21   134.921 52933.61836973 51.67 104.790217  17.130042 27.584
 21   134.923 52933.61837037 50.99 104.789447  17.133342 27.584
 21   135.000 52933.61837102 51.11 104.788677  17.136642 27.584
 21   134.938 52933.61837166 51.72 104.787897  17.139942 27.584
 21   134.923 52933.61837231 46.73 104.787127  17.143242 27.584
 22   133.217 52968.61838029 51.56 104.790715  17.130776 24.535
 22   133.168 52968.61838093 51.98 104.789945  17.134076 24.535
 22   133.189 52968.61838158 48.25 104.789175  17.137376 24.535
 22   133.331 52968.61838222 45.51 104.788395  17.140686 24.535
 22   133.233 52968.61838287 36.72 104.787631  17.143977 26.192
 23   132.367 53003.61840004 52.16 104.786842  17.121664 28.694
 23   132.533 53003.61840068 49.80 104.786072  17.124964 28.694
 23   132.488 53003.61840133 44.11 104.785292  17.128264 28.694
 23   132.285 53003.61840197 33.36 104.784522  17.131564 28.694
 23   140.870 53003.61840262 27.07 104.783752  17.134864 28.694
 24   131.901 53038.61835059 42.54 104.789458  17.127793 22.107
 24   143.024 53038.61835123 26.71 104.788688  17.131093 22.107
 24   142.577 53038.61835188 24.24 104.787918  17.134393 22.107
 24   142.613 53038.61835252 21.22 104.787148  17.137693 22.107
 25   131.734 53073.61837872 49.88 104.789998  17.127104 22.486
 25   131.792 53073.61837936 51.24 104.789228  17.130404 22.486
 25   131.785 53073.61838001 45.84 104.788458  17.133704 22.486
 25   131.824 53073.61838065 43.25 104.787678  17.137004 22.486
 25   131.667 53073.61838130 41.23 104.786908  17.140304 22.486
 26   131.925 53108.61835040 45.86 104.790440  17.126596 19.845
 26   131.777 53108.61835104 47.49 104.789660  17.129896 19.845
 26   131.791 53108.61835169 31.47 104.788890  17.133196 19.845
 26   131.054 53108.61835233 31.48 104.788120  17.136496 19.845
 26   140.004 53108.61835297 24.99 104.787350  17.139796 19.845
 27   132.988 53143.61838917 44.01 104.789636  17.127793 19.797
 27   132.898 53143.61838981 35.33 104.788856  17.131093 19.797
 27   133.035 53143.61839046 37.24 104.788086  17.134403 19.797
 27   133.031 53143.61839110 41.51 104.787316  17.137703 19.797
 27   132.985 53143.61839174 48.03 104.786544  17.141004 15.958
 28   142.802 53178.61840904 26.51 104.792588  17.134099 24.885
 28   142.989 53178.61840969 23.35 104.791818  17.137399 24.885
 28   143.020 53178.61841033 23.12 104.791048  17.140699 24.885
 28   143.013 53178.61841098 21.80 104.790268  17.143999 24.885
 28   142.359 53178.61841162 23.34 104.789498  17.147299 24.885
 29   139.499 53213.61842867 50.45 104.790012  17.126789 28.817
 29   139.515 53213.61842931 50.48 104.789232  17.130089 28.817
 29   139.444 53213.61842996 51.07 104.788462  17.133389 28.817
 29   139.461 53213.61843060 51.34 104.787692  17.136689 28.817
 29   139.497 53213.61843125 50.43 104.786912  17.139989 28.817
 30   141.205 53248.61839877 51.31 104.792635  17.131820 23.524
 30   141.198 53248.61839942 50.08 104.791865  17.135120 23.524
 30   141.329 53248.61840006 48.95 104.791085  17.138420 23.524
 30   141.257 53248.61840071 49.08 104.790315  17.141720 23.524
 30   141.269 53248.61840135 49.79 104.789545  17.145020 23.524
 31   138.369 53283.61838981 48.55 104.787519  17.121404 26.320
 31   138.579 53283.61839046 52.22 104.786749  17.124704 26.320
 31   138.465 53283.61839110 52.14 104.785979  17.128004 26.320
 31   138.553 53283.61839175 51.68 104.785199  17.131304 26.320
 31   138.585 53283.61839239 48.97 104.784429  17.134604 26.320
 32   134.319 53318.61838760 51.93 104.793905  17.136142 22.969
 32   134.490 53318.61838825 50.28 104.793135  17.139442 22.969
 32   134.418 53318.61838889 51.91 104.792355  17.142742 22.969
 32   134.433 53318.61838954 49.32 104.791585  17.146042 22.969
 32   134.436 53318.61839018 51.94 104.790815  17.149342 22.969
 33   133.223 53353.61835503 49.71 104.795264  17.141433 23.324
 33   133.255 53353.61835568 32.86 104.794494  17.144733 23.324
 33   133.103 53353.61835632 23.33 104.793714  17.148033 23.324
 33   133.067 53353.61835697 21.66 104.792944  17.151333 23.324
 34   132.606 53388.61835150 53.58 104.789287  17.127462 31.432
 34   132.595 53388.61835214 53.19 104.788517  17.130762 31.432
 34   132.647 53388.61835279 51.51 104.787737  17.134062 31.432
 34   132.548 53388.61835343 52.73 104.786967  17.137362 31.432
 35   132.150 53423.61835306 46.56 104.796052  17.138718 21.336
 35   132.062 53423.61835370 51.40 104.795282  17.142018 21.336
 35   132.212 53423.61835435 51.30 104.794512  17.145318 21.336
 35   132.205 53423.61835499 51.32 104.793742  17.148618 21.336
 35   132.312 53423.61835563 51.75 104.792962  17.151918 21.336
 36   132.385 53458.61835750 50.52 104.793726  17.134596 22.572
 36   132.499 53458.61835814 50.42 104.792946  17.137896 22.572
 36   132.522 53458.61835879 50.84 104.792176  17.141196 22.572
 36   132.564 53458.61835943 50.41 104.791406  17.144496 22.572
 36   132.550 53458.61836008 49.29 104.790626  17.147796 22.572
 37   132.345 53493.61844050 34.23 104.785550  17.120510 20.649
 37   132.395 53493.61844114 34.78 104.784770  17.123810 20.649
 37   132.362 53493.61844179 40.98 104.784000  17.127110 20.649
 37   132.517 53493.61844243 46.84 104.783230  17.130410 20.649
 38   133.271 53528.61842139 50.01 104.794661  17.139328 28.010
 38   133.155 53528.61842204 50.04 104.793891  17.142628 28.010
 38   133.290 53528.61842268 51.68 104.793121  17.145928 28.010
 38   133.409 53528.61842333 48.67 104.792351  17.149228 28.010
 39   144.389 53563.61844831 31.15 104.787317  17.123065 24.576
 39   142.968 53563.61844895 29.24 104.786547  17.126365 24.576
 39   142.542 53563.61844960 25.52 104.785767  17.129665 24.576
 39   142.142 53563.61845024 25.81 104.784997  17.132965 24.576
 39   141.821 53563.61845089 27.48 104.784227  17.136265 24.576
 40   142.697 53598.61839168 42.92 104.794146  17.138338 27.152
 40   142.778 53598.61839233 32.84 104.793366  17.141638 27.152
 40   142.881 53598.61839297 29.09 104.792596  17.144938 27.152
 40   142.691 53598.61839361 29.26 104.791826  17.148238 27.152
 42   135.525 53668.61840699 52.78 104.787553  17.124299 27.528
 42   135.545 53668.61840763 52.41 104.786773  17.127599 27.528
 42   135.554 53668.61840828 52.63 104.786003  17.130899 27.528
 42   135.473 53668.61840892 50.52 104.785233  17.134199 27.528
 42   135.636 53668.61840956 50.08 104.784463  17.137499 27.528
 43   134.014 53703.61835095 49.84 104.795654  17.138633 25.649
 43   133.872 53703.61835159 51.65 104.794884  17.141933 25.649
 43   133.939 53703.61835224 51.42 104.794114  17.145233 25.649
 43   134.001 53703.61835288 52.05 104.793334  17.148533 25.649
 43   133.947 53703.61835353 50.20 104.792564  17.151833 25.649
 44   132.833 53738.61826091 48.36 104.797022  17.141862 27.253
 44   132.713 53738.61826155 53.31 104.796252  17.145162 27.253
 44   132.856 53738.61826220 51.65 104.795472  17.148462 27.253
 44   132.926 53738.61826284 51.12 104.794702  17.151762 27.253
 44   132.827 53738.61826349 49.41 104.793932  17.155062 27.253
 45   143.428 53773.61827614 28.76 104.794689  17.139164 25.192
 45   142.816 53773.61827679 21.64 104.793909  17.142464 25.192
 45   138.385 53773.61827743 20.79 104.793139  17.145764 25.192
 45   139.300 53773.61827808 19.77 104.792369  17.149064 25.192
 46   132.017 53808.61826169 37.46 104.794924  17.138045 22.920
 46   132.045 53808.61826234 26.84 104.794154  17.141345 22.920
 46   131.672 53808.61826298 25.48 104.793384  17.144645 22.920
 46   131.466 53808.61826363 26.17 104.792604  17.147945 22.920
 46   132.195 53808.61826427 19.75 104.791834  17.151245 22.920
 48   132.578 53878.61833066 44.64 104.793599  17.132093 17.492
 48   132.629 53878.61833131 42.69 104.792829  17.135393 17.492
 48   132.773 53878.61833195 48.12 104.792049  17.138693 17.492
 48   132.760 53878.61833260 49.00 104.791279  17.141993 17.492
 48   132.967 53878.61833324 47.94 104.790509  17.145293 17.492
 48   132.498 53878.61833389 42.62 104.789729  17.148593 17.492
 49   134.202 53913.61838305 53.02 104.786326  17.121734 25.879
 49   134.287 53913.61838369 49.76 104.785556  17.125034 25.879
 49   134.200 53913.61838434 51.33 104.784786  17.128334 25.879
 49   134.200 53913.61838498 52.10 104.784016  17.131634 25.879
 49   134.303 53913.61838563 50.32 104.783236  17.134934 25.879
 50   144.011 53948.61839548 32.79 104.785293  17.120140 22.403
 50   144.147 53948.61839612 26.84 104.784513  17.123440 22.403
 50   142.449 53948.61839677 28.28 104.783743  17.126740 22.403
 50   142.132 53948.61839741 27.82 104.782973  17.130040 22.403
 51   140.367 53983.61833754 49.68 104.791689  17.131979 32.599
 51   140.457 53983.61833819 47.10 104.790909  17.135279 32.599
 51   140.411 53983.61833883 41.60 104.790139  17.138579 32.599
 51   140.566 53983.61833948 32.84 104.789369  17.141879 32.599
 51   140.479 53983.61834012 41.20 104.788599  17.145179 32.599
 52   138.348 54018.61836921 53.11 104.791248  17.131927 29.109
 52   138.519 54018.61836986 49.99 104.790478  17.135227 29.109
 52   138.538 54018.61837050 49.42 104.789698  17.138527 29.109
 52   138.501 54018.61837115 49.99 104.788928  17.141827 29.109
 52   138.478 54018.61837179 49.43 104.788158  17.145127 29.109
 53   134.250 54053.61836304 49.81 104.797325  17.143710 26.427
 53   134.356 54053.61836368 51.79 104.796555  17.147010 26.427
 53   134.327 54053.61836433 50.62 104.795775  17.150310 26.427
 53   134.398 54053.61836497 49.78 104.795005  17.153610 26.427
 53   134.273 54053.61836561 49.21 104.794235  17.156910 26.427
 54   132.940 54088.61835278 49.80 104.793348  17.133808 24.954
 54   132.747 54088.61835342 44.35 104.792568  17.137108 24.954
 54   132.759 54088.61835407 28.38 104.791798  17.140408 24.954
 54   132.859 54088.61835471 27.12 104.791028  17.143708 24.954
 54   140.647 54088.61835536 22.28 104.790258  17.147008 24.954
 55   132.182 54123.61827514 50.10 104.790592  17.129606 28.539
 55   132.151 54123.61827579 43.37 104.789822  17.132906 28.539
 55   142.588 54123.61827643 26.92 104.789042  17.136206 28.539
 55   132.178 54123.61827707 27.74 104.788272  17.139506 28.539
 55   132.162 54123.61827772 34.67 104.787502  17.142806 28.539
 56   132.140 54158.61831670 50.24 104.790936  17.130571 23.992
 56   132.159 54158.61831735 50.43 104.790166  17.133871 23.992
 56   132.107 54158.61831799 49.27 104.789396  17.137171 23.992
 56   132.198 54158.61831864 49.85 104.788626  17.140471 23.992
 56   132.156 54158.61831928 40.06 104.787846  17.143771 23.992
 57   131.533 54193.61827594 41.45 104.791023  17.127445 26.019
 57   131.629 54193.61827659 36.93 104.790253  17.130745 26.019
 57   131.403 54193.61827723 24.20 104.789473  17.134045 26.019
 57   131.479 54193.61827788 23.06 104.788703  17.137345 26.019
 57   139.277 54193.61827852 22.59 104.787933  17.140645 26.019
 57   140.034 54193.61827917 21.39 104.787153  17.143945 26.019
 58   132.306 54228.61832842 43.85 104.791622  17.128218 18.189
 58   132.274 54228.61832907 39.59 104.790852  17.131518 18.189
 58   132.035 54228.61832971 31.64 104.790082  17.134828 18.189
 58   132.093 54228.61833036 27.91 104.789303  17.138119 16.302
 58   132.320 54228.61833100 28.02 104.788533  17.141429 16.302
 58   132.383 54228.61833164 32.98 104.787763  17.144729 16.302
 59   133.137 54263.61834792 47.90 104.791440  17.131910 21.199
 59   143.484 54263.61834857 28.78 104.790670  17.135210 21.199
 59   142.830 54263.61834921 27.69 104.789890  17.138503 26.560
 59   142.804 54263.61834986 25.73 104.789120  17.141803 26.560
 59   141.523 54263.61835050 29.84 104.788350  17.145113 26.560
 60   135.371 54298.61835219 47.84 104.792074  17.133108 18.678
 60   135.433 54298.61835283 48.18 104.791304  17.136408 18.678
 60   135.367 54298.61835348 48.11 104.790534  17.139718 18.678
 60   135.534 54298.61835412 48.30 104.789755  17.143011 31.103
 60   135.402 54298.61835477 48.30 104.788985  17.146311 31.103
 61   139.076 54333.61834231 50.15 104.793014  17.134162 20.292
 61   139.152 54333.61834295 47.80 104.792244  17.137462 20.292
 61   139.037 54333.61834360 41.83 104.791469  17.140755 25.879
 61   139.237 54333.61834424 30.35 104.790699  17.144065 25.879
 61   139.399 54333.61834488 40.48 104.789929  17.147365 25.879
 63   136.283 54403.61828540 47.78 104.792154  17.132301 21.579
 63   136.327 54403.61828604 48.56 104.791384  17.135601 21.579
 63   136.316 54403.61828669 50.43 104.790604  17.138901 21.579
 63   136.364 54403.61828733 45.58 104.789834  17.142211 21.579
 63   136.384 54403.61828798 50.75 104.789064  17.145511 21.579
 64   133.398 54438.61824160 52.90 104.789547  17.127323 29.885
 64   133.509 54438.61824224 51.06 104.788767  17.130633 29.885
 64   133.571 54438.61824289 48.57 104.787997  17.133933 29.885
 64   133.524 54438.61824353 52.26 104.787227  17.137233 29.885
 64   133.597 54438.61824418 49.44 104.786447  17.140533 29.885
 65   132.592 54473.61827166 52.09 104.792590  17.133523 24.622
 65   132.590 54473.61827230 52.11 104.791810  17.136823 24.622
 65   132.723 54473.61827295 51.27 104.791040  17.140123 24.622
 65   132.725 54473.61827359 51.00 104.790270  17.143423 24.622
 65   132.632 54473.61827424 50.07 104.789490  17.146723 24.622
 66   144.096 54508.61825306 39.90 104.791097  17.128314 18.253
 66   143.789 54508.61825370 29.10 104.790327  17.131614 18.253
 66   142.609 54508.61825435 24.96 104.789547  17.134914 18.253
 66   142.868 54508.61825499 21.72 104.788777  17.138214 18.253
 66   142.416 54508.61825563 20.05 104.788007  17.141514 18.253
 66   139.637 54508.61825628 29.63 104.787227  17.144814 18.253
 67   132.142 54543.61828602 49.52 104.792409  17.133599 18.268
 67   132.138 54543.61828666 39.62 104.791639  17.136899 18.268
 67   131.951 54543.61828731 28.84 104.790859  17.140199 18.268
 67   132.182 54543.61828795 26.67 104.790089  17.143499 18.268
 67   131.467 54543.61828860 31.23 104.789319  17.146809 18.268
 68   131.936 54578.61825488 44.58 104.791733  17.129120 20.777
 68   132.036 54578.61825552 44.34 104.790953  17.132420 20.777
 68   132.034 54578.61825617 42.47 104.790183  17.135720 20.777
 68   132.118 54578.61825681 42.48 104.789413  17.139020 20.777
 68   132.058 54578.61825746 42.72 104.788643  17.142320 20.777
 68   131.968 54578.61825810 41.06 104.787863  17.145620 20.777
 69   134.355 54613.61827637 44.62 104.792830  17.131301 18.527
 69   134.095 54613.61827702 49.96 104.792060  17.134601 18.527
 69   134.036 54613.61827766 51.96 104.791290  17.137911 18.527
 69   134.032 54613.61827830 49.62 104.790510  17.141211 18.527
 69   134.163 54613.61827895 48.88 104.789740  17.144511 18.527
 70   137.473 54648.61828377 52.24 104.790757  17.129998 21.773
 70   137.393 54648.61828441 52.46 104.789987  17.133298 21.773
 70   137.508 54648.61828506 51.26 104.789207  17.136598 21.773
 70   137.572 54648.61828570 51.17 104.788437  17.139908 21.773
 70   137.457 54648.61828634 49.83 104.787667  17.143208 21.773
 71   141.745 54683.61828322 52.03 104.792271  17.131615 25.739
 71   141.764 54683.61828386 50.24 104.791491  17.134915 25.739
 71   141.807 54683.61828450 49.30 104.790721  17.138215 25.739
 71   141.808 54683.61828515 41.27 104.789951  17.141515 25.739
 71   141.783 54683.61828579 47.43 104.789181  17.144815 25.739
 72   140.348 54718.61822987 45.08 104.791501  17.128536 19.520
 72   140.502 54718.61823052 48.04 104.790731  17.131836 19.520
 72   140.480 54718.61823116 48.95 104.789951  17.135136 19.520
 72   140.418 54718.61823181 46.70 104.789181  17.138436 19.520
 72   140.480 54718.61823245 45.82 104.788411  17.141736 19.520
 72   140.506 54718.61823310 47.84 104.787631  17.145036 19.520
 73   137.390 54753.61825618 49.16 104.791029  17.131385 20.386
 73   137.337 54753.61825682 45.72 104.790259  17.134685 20.386
 73   137.424 54753.61825747 41.69 104.789489  17.137985 20.386
 73   137.392 54753.61825811 30.31 104.788709  17.141285 20.386
 73   137.592 54753.61825876 27.43 104.787939  17.144595 20.386
 74   135.547 54788.61822109 49.73 104.790413  17.127425 19.286
 74   135.593 54788.61822173 45.87 104.789643  17.130725 19.286
 74   135.601 54788.61822238 49.17 104.788873  17.134025 19.286
 74   135.760 54788.61822302 49.19 104.788093  17.137325 19.286
 74   135.706 54788.61822367 52.31 104.787323  17.140625 19.286
 75   133.561 54823.61825115 50.37 104.791616  17.131074 21.822
 75   133.537 54823.61825180 43.21 104.790846  17.134374 21.822
 75   133.589 54823.61825244 36.82 104.790066  17.137674 21.822
 75   133.418 54823.61825309 36.58 104.789296  17.140974 21.822
 75   133.489 54823.61825373 41.40 104.788526  17.144284 21.822
 76   143.595 54858.61821669 33.19 104.790891  17.130986 19.786
 76   142.481 54858.61821733 25.85 104.790111  17.134286 19.786
 76   142.488 54858.61821798 21.11 104.789341  17.137586 19.786
 76   140.415 54858.61821862 19.16 104.788571  17.140886 19.786
 76   140.350 54858.61821927 23.00 104.787791  17.144186 19.786
 77   132.529 54893.61825242 48.24 104.791667  17.128204 21.964
 77   132.542 54893.61825307 49.21 104.790887  17.131504 21.964
 77   132.531 54893.61825371 49.73 104.790117  17.134804 21.964
 77   132.445 54893.61825436 49.75 104.789347  17.138104 21.964
 77   132.558 54893.61825500 49.48 104.788577  17.141404 21.964
 77   132.437 54893.61825564 38.38 104.787797  17.144704 21.964
 78   143.159 54928.61821428 34.96 104.789801  17.125944 16.912
 78   142.707 54928.61821492 22.60 104.789021  17.129244 16.912
 78   143.765 54928.61821557 20.49 104.788251  17.132544 16.912
 78   143.107 54928.61821621 19.21 104.787481  17.135844 16.912
 78   141.492 54928.61821686 19.68 104.786701  17.139144 16.912
 79   132.741 54963.61825329 41.46 104.790693  17.130654 21.120
 79   132.713 54963.61825394 39.36 104.789923  17.133954 21.120
 79   132.778 54963.61825458 40.39 104.789143  17.137254 21.120
 79   132.986 54963.61825523 42.20 104.788373  17.140554 21.120
 79   132.682 54963.61825587 37.01 104.787603  17.143854 21.120
 80   135.263 54998.61827337 52.57 104.789657  17.129048 20.774
 80   135.236 54998.61827402 51.31 104.788887  17.132348 20.774
 80   135.264 54998.61827466 47.50 104.788117  17.135648 20.774
 80   135.449 54998.61827531 48.32 104.787337  17.138958 20.774
 81   140.111 55033.61826154 46.24 104.791290  17.128495 23.504
 81   140.111 55033.61826218 48.26 104.790510  17.131795 23.504
 81   140.026 55033.61826283 49.16 104.789740  17.135095 23.504
 81   140.211 55033.61826347 50.39 104.788970  17.138395 23.504
 81   140.107 55033.61826412 47.21 104.788200  17.141695 23.504
 81   140.018 55033.61826476 46.76 104.787420  17.144995 23.504
 82   144.505 55068.61825102 27.43 104.792962  17.132318 15.813
 82   143.921 55068.61825167 23.23 104.792182  17.135618 15.813
 82   141.565 55068.61825231 26.16 104.791412  17.138918 15.813
 82   138.483 55068.61825296 30.67 104.790642  17.142218 15.813
 82   138.551 55068.61825360 42.88 104.789872  17.145528 15.813
 83   144.429 55103.61818867 25.14 104.789934  17.125201 14.944
 83   144.047 55103.61818931 19.13 104.789164  17.128501 14.944
 83   143.530 55103.61818996 20.02 104.788384  17.131801 14.944
 83   140.923 55103.61819060 23.28 104.787614  17.135101 14.944
 83   141.268 55103.61819125 23.90 104.786844  17.138401 14.944
 84   143.521 55138.61819710 21.77 104.792245  17.129583 14.204
 84   143.465 55138.61819775 20.16 104.791475  17.132883 14.204
 84   143.149 55138.61819839 17.35 104.790705  17.136183 14.204
 84   140.714 55138.61819904 18.17 104.789935  17.139483 14.204
 84   140.972 55138.61819968 20.20 104.789155  17.142783 14.204
 84   141.157 55138.61820033 21.54 104.788385  17.146083 14.204
 85   132.977 55173.61815808 51.80 104.790497  17.129906 22.799
 85   133.044 55173.61815873 52.21 104.789717  17.133206 22.799
 85   133.008 55173.61815937 51.26 104.788947  17.136506 22.799
 85   133.100 55173.61816002 50.05 104.788177  17.139806 22.799
 85   132.911 55173.61816066 45.65 104.787397  17.143106 22.799
 86   132.337 55208.61819225 46.63 104.791601  17.129686 16.210
 86   132.233 55208.61819290 46.73 104.790831  17.132986 16.210
 86   132.003 55208.61819354 26.81 104.790051  17.136286 16.210
 86   131.995 55208.61819419 24.52 104.789281  17.139586 16.210
 86   140.147 55208.61819483 21.07 104.788511  17.142896 16.210
 87   131.886 55243.61816259 36.74 104.790089  17.128664 18.160
 87   131.837 55243.61816324 22.62 104.789309  17.131964 18.160
 87   139.185 55243.61816388 19.51 104.788539  17.135264 18.160
 87   139.869 55243.61816453 18.52 104.787769  17.138564 18.160
 87   139.962 55243.61816517 19.58 104.786989  17.141864 18.160
 88   131.997 55278.61818610 51.09 104.791762  17.131610 18.922
 88   131.904 55278.61818674 53.28 104.790992  17.134910 18.922
 88   131.956 55278.61818738 51.50 104.790222  17.138210 18.922
 88   132.050 55278.61818803 51.56 104.789442  17.141510 18.922
 88   131.848 55278.61818867 48.13 104.788672  17.144810 18.922
 89   131.989 55313.61814976 53.09 104.791020  17.130847 19.670
 89   132.097 55313.61815040 52.54 104.790250  17.134147 19.670
 89   132.114 55313.61815105 52.14 104.789480  17.137447 19.670
 89   132.246 55313.61815169 50.51 104.788700  17.140747 19.670
 89   131.973 55313.61815234 44.95 104.787930  17.144047 19.670
 90   132.990 55348.61815722 47.19 104.792598  17.131679 20.273
 90   132.960 55348.61815786 42.40 104.791828  17.134979 20.273
 90   133.129 55348.61815851 40.50 104.791048  17.138279 20.273
 90   133.194 55348.61815915 38.53 104.790278  17.141589 20.273
 90   133.142 55348.61815980 39.09 104.789508  17.144889 20.273
 91   134.805 55383.61814718 49.78 104.790802  17.126704 24.579
 91   134.680 55383.61814782 51.20 104.790032  17.130004 24.579
 91   134.842 55383.61814847 51.14 104.789252  17.133304 24.579
 91   134.843 55383.61814911 51.96 104.788482  17.136604 24.579
 91   134.940 55383.61814976 51.24 104.787712  17.139904 24.579
 91   134.811 55383.61815040 44.00 104.786932  17.143214 24.579
 92   143.999 55418.61817607 33.76 104.791654  17.132043 15.540
 92   144.305 55418.61817672 28.88 104.790874  17.135343 15.540
 92   143.006 55418.61817736 27.19 104.790104  17.138643 15.540
 92   143.048 55418.61817801 25.01 104.789334  17.141943 15.540
 92   142.540 55418.61817865 26.32 104.788564  17.145243 15.540
 93   139.308 55453.61815625 51.59 104.792801  17.134447 20.420
 93   139.360 55453.61815689 48.69 104.792021  17.137747 20.420
 93   139.316 55453.61815754 46.95 104.791251  17.141047 20.420
 93   139.436 55453.61815818 48.79 104.790481  17.144347 20.420
 93   139.384 55453.61815883 48.65 104.789701  17.147657 20.420
 94   138.398 55488.61807689 48.55 104.794234  17.136390 23.646
 94   138.283 55488.61807754 52.45 104.793464  17.139690 23.646
 94   138.391 55488.61807818 48.46 104.792694  17.142990 23.646
 94   138.392 55488.61807883 49.65 104.791924  17.146290 23.646
 94   138.433 55488.61807947 42.79 104.791144  17.149590 23.646
