-256837.175   -10.184     0.00    1.42
-256460.845    -9.846     0.90    1.38
-256084.510    -9.688     0.42    1.39
-255708.170   -10.086    -1.06    1.17
-255331.824    -9.925     0.43    1.18
-254955.474   -10.052    -0.34    1.19
-254579.118    -9.915     0.37    1.24
-254202.758    -9.530     1.02    1.63
-253826.392    -9.465     0.17    1.98
-253450.021    -9.112     0.94    2.37
-253073.645    -8.687     1.13    2.55
-252697.264    -8.160     1.40    2.69
-252320.878    -8.103     0.15    2.38
-251944.487    -7.599     1.34    2.09
-251568.090    -7.990    -1.04    1.90
-251191.688    -7.647     0.91    2.24
-250815.282    -6.740     2.41    2.18
-250438.870    -6.625     0.30    2.14
-250062.453    -6.399     0.60    1.77
-249686.031    -6.951    -1.47    1.84
-249309.603    -7.471    -1.38    1.80
-248933.171    -7.932    -1.23    1.73
-248556.733    -8.425    -1.31    1.76
-248180.290    -8.440    -0.04    2.11
-247803.842    -7.944     1.32    2.31
-247427.389    -7.800     0.38    2.39
-247050.931    -7.368     1.15    2.19
-246674.467    -7.465    -0.26    2.09
-246297.999    -7.998    -1.42    2.19
-245921.525    -8.404    -1.08    2.54
-245545.046    -8.548    -0.38    2.75
-245168.562    -9.368    -2.18    2.65
-244792.073   -10.025    -1.74    2.36
-244415.578   -10.702    -1.80    1.05
-244039.079   -10.504     0.53    1.18
-243662.574    -9.404     2.92    2.33
-243286.064    -8.090     3.49    2.87
-242909.549    -6.951     3.02    2.68
-242533.029    -6.138     2.16    2.62
-242156.503    -6.557    -1.11    2.81
-241779.972    -7.415    -2.28    3.11
-241403.436    -7.593    -0.47    3.29
-241026.895    -7.483     0.29    3.29
-240650.349    -7.804    -0.85    3.35
-240273.956    -7.437     0.98    3.44
-239898.431    -7.399     0.10    3.49
-239522.901    -6.820     1.54    3.70
-239147.366    -6.625     0.52    3.60
-238771.825    -6.086     1.43    3.47
-238396.279    -5.798     0.77    3.31
-238020.728    -5.404     1.05    2.69
-237645.172    -6.160    -2.01    2.43
-237269.611    -6.346    -0.49    2.29
-236894.045    -6.640    -0.78    2.53
-236518.473    -6.647    -0.02    2.62
-236142.896    -7.065    -1.11    2.52
-235767.314    -7.609    -1.45    2.57
-235391.727    -8.009    -1.07    2.46
-235016.135    -8.404    -1.05    2.46
-234640.537    -8.790    -1.03    2.18
-234264.934    -9.188    -1.06    2.03
-233889.326    -8.944     0.65    2.01
-233513.713    -8.136     2.15    2.26
-233138.095    -6.836     3.46    2.14
-232762.471    -6.317     1.38    2.01
-232386.842    -5.856     1.23    1.98
-232011.208    -5.404     1.20    2.17
-231635.569    -4.728     1.80    2.68
-231259.925    -4.620     0.29    2.44
-230884.275    -4.907    -0.76    2.27
-230508.620    -5.190    -0.75    2.08
-230132.960    -5.539    -0.93    1.62
-229757.295    -5.840    -0.80    2.01
-229381.625    -5.978    -0.37    2.19
-229005.949    -6.086    -0.29    2.10
-228630.268    -6.702    -1.64    2.20
-228254.582    -7.625    -2.46    2.02
-227878.891    -7.899    -0.73    1.95
-227503.194    -8.030    -0.35    2.02
-227127.492    -8.368    -0.90    1.60
-226751.785    -7.944     1.13    1.91
-226376.073    -7.266     1.81    2.24
-226000.355    -6.809     1.22    2.18
-225624.633    -6.242     1.51    2.62
-225248.905    -5.998     0.65    2.59
-224873.171    -6.187    -0.50    2.59
-224497.433    -6.915    -1.94    2.16
-224121.689    -7.215    -0.80    2.23
-223745.940    -7.425    -0.56    1.74
-223370.186    -7.368     0.15    2.19
-222994.426    -7.767    -1.06    2.38
-222618.662    -7.590     0.47    2.34
-222242.892    -7.425     0.44    2.28
-221867.117    -6.779     1.72    2.23
-221491.336    -6.079     1.86    1.95
-221115.550    -5.932     0.39    2.00
-220739.759    -6.946    -2.70    2.55
-220363.963    -8.215    -3.37    2.34
-219988.161    -9.112    -2.39    2.19
-219612.355    -9.557    -1.18    1.81
-219236.542    -9.187     0.98    1.83
-218860.725    -9.566    -1.01    1.81
-218484.902    -9.815    -0.66    1.75
-218109.075    -8.915     2.39    2.61
-217733.241    -8.471     1.18    2.48
-217357.403    -8.004     1.24    2.03
-216981.559    -7.804     0.53    1.86
-216605.710    -8.160    -0.95    1.45
-216229.856    -8.240    -0.21    1.68
-215853.996    -7.830     1.09    1.63
-215478.131    -7.471     0.95    1.86
-215102.261    -7.688    -0.58    1.91
-214726.386    -7.856    -0.45    2.13
-214350.505    -7.971    -0.31    2.03
-213974.619    -7.944     0.07    1.82
-213598.727    -7.984    -0.11    1.68
-213222.831    -8.215    -0.61    1.32
-212846.929    -8.240    -0.07    1.33
-212471.021    -8.471    -0.61    1.27
-212095.109    -8.621    -0.40    1.34
-211719.191    -8.753    -0.35    1.35
-211343.268    -8.471     0.75    1.57
-210967.339    -8.767    -0.79    1.37
-210591.405    -8.856    -0.24    1.46
-210215.466    -8.971    -0.31    1.57
-209839.522    -9.240    -0.71    1.53
-209463.572    -9.163     0.20    1.56
-209087.617    -8.715     1.19    1.74
-208711.656    -8.215     1.33    1.83
-208335.690    -8.215     0.00    1.82
-207959.719    -8.445    -0.61    1.95
-207583.743    -8.998    -1.47    1.83
-207207.761    -9.650    -1.73    1.52
-206831.774    -9.944    -0.78    1.57
-206455.781    -9.830     0.30    1.70
-206079.784    -9.590     0.64    1.64
-205703.781    -9.450     0.37    1.54
-205327.772    -9.583    -0.35    1.28
-204951.758    -9.728    -0.39    1.12
-204575.739    -9.609     0.32    1.33
-204199.715    -9.863    -0.68    1.25
-203823.685    -9.917    -0.14    1.27
-203447.650    -9.715     0.54    1.52
-203071.609    -9.676     0.10    1.67
-202695.563    -9.741    -0.17    1.70
-202319.512    -9.856    -0.31    1.51
-201943.455   -10.004    -0.39    1.32
-201567.393   -10.015    -0.03    1.22
-201191.326    -9.951     0.17    1.16
-200815.253    -9.830     0.32    1.29
-200439.175    -9.863    -0.09    1.27
-200063.091    -9.804     0.16    1.37
-199687.003    -9.815    -0.03    1.30
-199310.908    -9.715     0.27    1.18
-198934.809    -9.458     0.68    1.28
-198558.704    -9.215     0.65    1.55
-198182.594    -8.890     0.86    1.56
-197806.478    -9.009    -0.32    1.52
-197430.357    -8.900     0.29    1.68
-197054.230    -8.965    -0.17    1.61
-196678.098    -9.004    -0.10    1.73
-196301.961    -8.899     0.28    1.73
-195925.818    -8.932    -0.09    1.70
-195549.670    -9.320    -1.03    1.33
-195173.517    -9.240     0.21    1.27
-194797.358    -9.317    -0.20    1.31
-194421.194    -9.415    -0.26    1.36
-194045.024    -9.504    -0.24    1.31
-193668.849    -9.625    -0.32    1.31
-193292.669    -9.907    -0.75    1.36
-192916.483    -9.992    -0.23    1.24
-192540.292   -10.188    -0.52    1.15
-192164.095   -10.293    -0.28    0.97
-191787.893   -10.241     0.14    1.17
-191411.685   -10.317    -0.20    1.23
-191035.472   -10.277     0.11    1.32
-190659.254   -10.293    -0.04    1.30
-190283.030   -10.394    -0.27    1.12
-189906.801   -10.431    -0.10    1.03
-189530.567   -10.368     0.17    1.14
-189154.327   -10.404    -0.09    1.10
-188778.081   -10.068     0.89    1.26
-188401.830   -10.009     0.16    1.17
-188025.574    -9.779     0.61    1.23
-187649.312    -9.863    -0.22    1.16
-187273.045   -10.086    -0.59    1.13
-186896.772   -10.009     0.20    1.20
-186520.494    -9.937     0.19    1.16
-186144.211    -9.650     0.76    1.31
-185767.922    -9.557     0.25    1.26
-185391.627    -9.830    -0.73    1.27
-185015.328    -9.907    -0.20    1.38
-184639.022    -9.700     0.55    1.31
-184262.712    -9.079     1.65    1.42
-183886.395    -9.052     0.07    1.40
-183510.074    -9.162    -0.29    1.37
-183133.747    -9.163    -0.00    1.39
-182757.414    -9.631    -1.24    1.40
-182381.076    -9.946    -0.84    1.20
-182004.733   -10.138    -0.51    1.26
-181628.384   -10.267    -0.34    1.23
-181252.029   -10.189     0.21    1.20
-180875.669   -10.004     0.49    1.28
-180499.304   -10.015    -0.03    1.24
-180122.933    -9.522     1.31    1.45
-179746.557    -9.471     0.14    1.48
-179370.175    -9.872    -1.07    1.34
-178993.788    -9.790     0.22    1.48
-178617.395   -10.065    -0.73    1.48
-178240.997   -10.298    -0.62    1.23
-177864.593   -10.377    -0.21    1.09
-177488.184   -10.431    -0.14    1.06
-177111.769   -10.566    -0.36    1.01
-176735.349   -10.625    -0.16    1.02
-176358.923   -10.643    -0.05    0.92
-175982.492   -10.715    -0.19    0.85
-175606.055   -10.609     0.28    1.00
-175229.613   -10.715    -0.28    1.01
-174853.166   -10.650     0.17    1.05
-174476.712   -10.557     0.25    1.15
-174100.254   -10.573    -0.04    1.18
-173723.790   -10.599    -0.07    1.16
-173347.320   -10.590     0.03    1.13
-172970.845   -10.662    -0.19    1.03
-172594.364   -10.445     0.58    1.11
-172217.878   -10.165     0.75    1.22
-171841.386   -10.187    -0.06    1.28
-171464.889   -10.086     0.27    1.32
-171088.386    -9.767     0.85    1.59
-170711.878    -9.636     0.35    1.62
-170335.364    -9.189     1.19    1.51
-169958.845    -9.090     0.26    1.54
-169582.320    -9.394    -0.81    1.41
-169205.789    -9.548    -0.41    1.44
-168829.253   -10.083    -1.42    1.32
-168452.712   -10.343    -0.69    1.47
-168076.165   -10.458    -0.31    1.57
-167699.612   -10.483    -0.07    1.57
-167323.054   -10.394     0.24    1.62
-166946.491   -10.662    -0.71    1.35
-166569.922   -10.573     0.23    1.22
-166193.347   -10.368     0.54    1.27
-165816.767   -10.291     0.20    1.16
-165440.181   -10.320    -0.08    1.06
-165064.068   -10.445    -0.33    1.01
-164688.581   -10.478    -0.09    1.11
-164313.089   -10.573    -0.26    0.90
-163937.591   -10.490     0.22    1.13
-163562.088   -10.242     0.66    1.21
-163186.579   -10.458    -0.57    1.32
-162811.064   -10.296     0.43    1.32
-162435.544   -10.293     0.01    1.15
-162060.019   -10.399    -0.28    1.20
-161684.487   -10.048     0.93    1.21
-161308.951   -10.115    -0.18    1.22
-160933.409   -10.009     0.28    1.28
-160557.861   -10.187    -0.47    1.26
-160182.308   -10.189    -0.00    1.33
-159806.749   -10.188     0.00    1.28
-159431.184   -10.190    -0.00    1.29
-159055.615   -10.083     0.28    1.36
-158680.039    -9.865     0.58    1.37
-158304.458    -9.715     0.40    1.45
-157928.871    -9.458     0.68    1.48
-157553.279    -9.190     0.72    1.59
-157177.682    -9.020     0.45    1.62
-156802.078    -9.052    -0.09    1.66
-156426.470    -9.296    -0.65    1.62
-156050.855    -9.215     0.22    1.32
-155675.235    -9.420    -0.55    1.15
-155299.610    -9.160     0.69    1.18
-154923.979    -9.061     0.27    1.76
-154548.342    -9.109    -0.13    1.80
-154172.700    -9.242    -0.35    1.79
-153797.052    -9.415    -0.46    1.29
-153421.399    -9.241     0.46    1.42
-153045.740    -8.925     0.84    1.61
-152670.075    -8.793     0.35    1.70
-152294.405    -9.115    -0.85    1.81
-151918.730    -8.944     0.45    1.66
-151543.048    -8.873     0.19    1.78
-151167.361    -9.163    -0.77    1.61
-150791.669    -8.539     1.66    1.83
-150415.971    -8.701    -0.43    1.80
-150040.267    -9.346    -1.72    1.53
-149664.558    -9.420    -0.20    1.49
-149288.843    -9.471    -0.14    1.39
-148913.123    -9.539    -0.18    1.36
-148537.397    -9.267     0.72    1.33
-148161.665    -8.742     1.40    1.83
-147785.928    -8.830    -0.23    1.74
-147410.185    -8.922    -0.24    1.72
-147034.436    -9.052    -0.35    1.74
-146658.682    -8.965     0.23    1.48
-146282.923    -8.741     0.60    2.02
-145907.157    -8.497     0.65    2.00
-145531.386    -8.676    -0.48    1.93
-145155.610    -8.640     0.10    1.28
-144779.828    -8.890    -0.67    1.29
-144404.040    -9.057    -0.44    1.31
-144028.246    -9.061    -0.01    1.37
-143652.447    -8.998     0.17    1.72
-143276.643    -8.958     0.11    2.06
-142900.832    -8.478     1.28    2.04
-142525.016    -9.215    -1.96    1.76
-142149.195    -9.079     0.36    1.69
-141773.368    -9.048     0.08    1.65
-141397.535    -9.090    -0.11    1.38
-141021.696    -8.824     0.71    1.28
-140645.852    -9.004    -0.48    1.23
-140270.002    -8.890     0.30    1.40
-139894.147    -8.478     1.10    1.81
-139518.286    -8.465     0.04    1.86
-139142.419    -8.399     0.18    1.86
-138766.546    -8.753    -0.94    1.65
-138390.668    -8.944    -0.51    1.57
-138014.785    -8.984    -0.11    1.53
-137638.895    -8.740     0.65    1.69
-137263.000    -8.853    -0.30    1.73
-136887.100    -8.504     0.93    1.72
-136511.193    -8.399     0.28    1.66
-136135.281    -8.485    -0.23    1.54
-135759.363    -8.593    -0.29    1.66
-135383.440    -8.353     0.64    1.79
-135007.511    -8.015     0.90    1.96
-134631.576    -7.676     0.90    2.02
-134255.636    -7.399     0.74    1.87
-133879.690    -7.727    -0.87    2.05
-133503.738    -7.863    -0.36    1.98
-133127.781    -8.266    -1.07    2.00
-132751.817    -8.215     0.14    1.76
-132375.849    -8.240    -0.07    2.01
-131999.874    -6.925     3.50    2.87
-131623.894    -5.189     4.62    3.41
-131247.908    -3.556     4.34    3.23
-130871.916    -2.458     2.92    2.84
-130495.919    -1.907     1.47    3.29
-130119.916    -1.425     1.28    3.34
-129743.907    -1.291     0.36    3.10
-129367.893    -1.420    -0.34    2.72
-128991.873    -1.808    -1.03    2.58
-128615.847    -2.035    -0.60    2.63
-128239.816    -1.958     0.20    2.50
-127863.778    -1.162     2.12    2.85
-127487.735     0.042     3.20    2.00
-127111.687     0.353     0.83    1.82
-126735.632    -0.605    -2.55    3.11
-126359.572    -2.625    -5.37    4.08
-125983.506    -5.320    -7.17    4.09
-125607.435    -7.266    -5.17    3.32
-125231.358    -8.625    -3.61    1.89
-124855.275    -9.035    -1.09    1.35
-124479.186    -8.978     0.15    1.53
-124103.091    -8.445     1.42    2.06
-123726.991    -8.269     0.47    2.07
-123350.885    -7.676     1.58    3.16
-122974.774    -6.115     4.15    4.27
-122598.656    -4.270     4.90    4.80
-122222.533    -2.079     5.82    4.23
-121846.404    -1.755     0.86    4.51
-121470.270    -2.079    -0.86    4.66
-121094.129    -2.368    -0.77    4.71
-120717.983    -1.157     3.22    5.07
-120341.831    -0.165     2.64    5.60
-119965.674     0.503     1.78    5.76
-119589.510     0.245    -0.69    6.17
-119213.341    -1.573    -4.83    6.34
-118837.166    -3.188    -4.29    5.70
-118460.986    -5.189    -5.32    4.45
-118084.799    -5.958    -2.04    3.82
-117708.607    -5.890     0.18    4.19
-117332.409    -6.267    -1.00    4.37
-116956.205    -6.189     0.21    4.39
-116579.996    -6.215    -0.07    4.23
-116203.781    -5.187     2.73    4.53
-115827.560    -2.701     6.61    5.13
-115451.333     0.812     9.34    4.00
-115075.100     2.470     4.41    2.86
-114698.862     3.016     1.45    2.49
-114322.618     2.814    -0.54    3.49
-113946.368     2.610    -0.54    3.36
-113570.112     2.632     0.06    3.45
-113193.851     3.083     1.20    3.86
-112817.583     4.170     2.89    2.56
-112441.310     4.515     0.92    2.41
-112065.031     4.444    -0.19    2.37
-111688.747     3.965    -1.27    2.43
-111312.456     3.324    -1.70    2.93
-110936.160     3.056    -0.71    2.98
-110559.858     2.811    -0.65    3.47
-110183.550     4.093     3.41    4.53
-109807.236     4.730     1.69    4.79
-109430.917     4.914     0.49    4.25
-109054.591     5.101     0.50    3.90
-108678.260     5.965     2.29    3.64
-108301.923     5.210    -2.00    2.76
-107925.581     5.043    -0.45    3.19
-107549.232     3.758    -3.41    3.75
-107172.878     1.731    -5.39    4.08
-106796.517     0.575    -3.07    3.55
-106420.151     1.068     1.31    3.46
-106043.779     2.508     3.83    2.97
-105667.402     2.542     0.09    3.30
-105291.018     2.298    -0.65    3.71
-104914.629     0.623    -4.45    3.88
-104538.234    -0.856    -3.93    2.89
-104161.833    -1.846    -2.63    2.60
-103785.426    -1.890    -0.12    2.61
-103409.013    -0.830     2.81    2.94
-103032.594     0.760     4.22    3.93
-102656.170     3.312     6.78    4.27
-102279.740     5.085     4.71    4.28
-101903.304     5.610     1.39    3.99
-101526.862     4.563    -2.78    4.18
-101150.414     3.623    -2.50    3.68
-100773.960     2.840    -2.08    2.84
-100397.501     2.970     0.35    3.26
-100021.036     3.991     2.71    2.92
 -99644.564     5.243     3.33    2.78
 -99268.087     5.510     0.71    2.78
 -98891.604     5.970     1.22    2.33
 -98515.115     5.921    -0.13    2.59
 -98138.621     5.606    -0.84    3.36
 -97762.120     5.218    -1.03    3.35
 -97385.614     4.452    -2.03    3.52
 -97009.102     3.375    -2.86    3.67
 -96632.583     3.709     0.89    4.09
 -96256.059     4.259     1.46    4.13
 -95879.529     3.657    -1.60    4.03
 -95502.994     2.734    -2.45    3.24
 -95126.452     2.591    -0.38    3.08
 -94749.904     2.375    -0.57    2.73
 -94373.351     2.731     0.95    2.70
 -93996.791     3.298     1.51    3.74
 -93620.226     4.016     1.91    4.16
 -93243.655     4.443     1.13    4.35
 -92867.078     5.549     2.94    4.27
 -92490.495     6.785     3.28    3.89
 -92113.906     7.891     2.93    3.42
 -91737.311     8.864     2.59    2.86
 -91360.711     9.218     0.94    2.67
 -90984.104     9.590     0.99    2.08
 -90607.492    10.144     1.47    1.98
 -90230.873    10.391     0.65    2.01
 -89855.076    10.888     1.32    2.17
 -89479.621    11.707     2.18    2.12
 -89104.161    12.385     1.81    2.04
 -88728.694    12.452     0.18    1.94
 -88353.222    11.811    -1.71    1.90
 -87977.743    11.601    -0.56    2.05
 -87602.259    11.210    -1.04    2.16
 -87226.769    10.810    -1.07    2.13
 -86851.273    10.313    -1.32    1.65
 -86475.771    10.002    -0.83    1.47
 -86100.264    10.380     1.01    1.46
 -85724.750    10.733     0.94    1.79
 -85349.231    10.606    -0.34    2.08
 -84973.705    10.785     0.48    2.01
 -84598.174    11.503     1.91    2.53
 -84222.637    11.891     1.03    2.49
 -83847.094    11.338    -1.47    2.39
 -83471.545    11.610     0.73    2.77
 -83095.990    11.042    -1.51    2.74
 -82720.429    10.010    -2.75    3.00
 -82344.862    10.154     0.38    3.55
 -81969.289    10.160     0.02    3.36
 -81593.711    10.164     0.01    3.49
 -81218.126    10.273     0.29    3.38
 -80842.536     9.888    -1.03    2.95
 -80466.939     9.137    -2.00    3.09
 -80091.337     9.180     0.12    4.19
 -79715.729     8.522    -1.75    4.00
 -79340.115     7.888    -1.69    4.18
 -78964.495     7.529    -0.96    3.90
 -78588.869     6.628    -2.40    2.82
 -78213.237     7.943     3.50    3.93
 -77837.599     9.258     3.50    4.80
 -77461.955    10.144     2.36    4.42
 -77086.305    10.298     0.41    3.65
 -76710.650    10.515     0.58    3.63
 -76334.988    11.285     2.05    3.17
 -75959.321    12.443     3.08    3.17
 -75583.647    13.503     2.82    3.15
 -75207.968    13.965     1.23    3.42
 -74832.282    14.324     0.96    3.16
 -74456.591    14.338     0.04    3.30
 -74080.893    14.707     0.98    3.30
 -73705.190    14.401    -0.81    3.70
 -73329.481    15.035     1.69    3.43
 -72953.766    15.709     1.79    3.08
 -72578.044    16.180     1.26    2.51
 -72202.317    16.542     0.96    2.72
 -71826.584    17.245     1.87    2.66
 -71450.845    17.924     1.81    2.86
 -71075.100    17.810    -0.30    3.05
 -70699.349    17.910     0.27    3.07
 -70323.592    17.917     0.02    2.73
 -69947.829    17.734    -0.49    2.57
 -69572.060    17.364    -0.98    1.93
 -69196.285    17.060    -0.81    2.31
 -68820.504    17.364     0.81    3.01
 -68444.717    18.734     3.64    4.45
 -68068.924    20.759     5.39    5.82
 -67693.125    22.273     4.03    6.06
 -67317.320    23.029     2.01    6.18
 -66941.509    23.731     1.87    6.01
 -66565.692    24.273     1.44    5.79
 -66189.869    25.233     2.55    5.67
 -65814.041    26.838     4.27    5.63
 -65438.206    28.811     5.25    5.69
 -65062.365    31.844     8.07    3.48
 -64686.518    32.862     2.71    3.56
 -64310.665    32.709    -0.41    3.42
 -63934.806    32.353    -0.95    4.20
 -63558.941    32.042    -0.83    4.54
 -63183.070    32.569     1.40    4.37
 -62807.193    33.860     3.44    3.34
 -62431.310    35.196     3.55    2.02
 -62055.421    36.273     2.86    2.11
 -61679.526    36.580     0.82    3.15
 -61303.625    37.580     2.66    3.75
 -60927.718    38.657     2.86    3.15
 -60551.805    38.785     0.34    3.21
 -60175.885    38.632    -0.41    3.17
 -59799.960    38.654     0.06    2.97
 -59424.029    38.119    -1.42    3.55
 -59048.092    37.535    -1.55    3.35
 -58672.148    37.671     0.36    4.13
 -58296.199    38.299     1.67    3.86
 -57920.244    38.029    -0.72    4.42
 -57544.282    38.075     0.12    5.18
 -57168.315    36.460    -4.29    5.78
 -56792.341    34.285    -5.78    5.39
 -56416.362    33.346    -2.50    4.02
 -56040.376    33.580     0.62    3.47
 -55664.384    33.867     0.76    2.94
 -55288.387    34.632     2.03    3.27
 -54912.383    35.170     1.43    3.45
 -54536.373    36.285     2.97    3.76
 -54160.357    37.707     3.78    3.88
 -53784.335    37.935     0.61    3.69
 -53408.307    40.391     6.53    5.01
 -53032.273    41.956     4.16    5.07
 -52656.233    42.085     0.34    4.80
 -52280.186    44.285     5.85    4.51
 -51904.134    45.245     2.55    4.87
 -51528.076    46.813     4.17    5.53
 -51152.011    48.016     3.20    5.03
 -50775.940    47.196    -2.18    4.99
 -50399.864    45.759    -3.82    4.49
 -50023.781    44.888    -2.32    2.96
 -49647.692    45.838     2.53    3.78
 -49271.597    48.272     6.47    4.52
 -48895.496    50.085     4.82    4.95
 -48519.389    51.707     4.31    5.51
 -48143.276    52.560     2.27    4.84
 -47767.156    53.996     3.82    4.69
 -47391.031    56.580     6.87    5.54
 -47014.900    58.677     5.58    5.17
 -46638.762    61.493     7.48    6.05
 -46262.618    63.838     6.24    6.65
 -45886.468    64.952     2.96    6.63
 -45510.312    65.221     0.72    6.29
 -45134.150    65.654     1.15    5.99
 -44757.982    68.452     7.44    7.22
 -44381.808    71.478     8.04    8.59
 -44005.628    73.397     5.10    9.35
 -43629.441    72.245    -3.06    6.28
 -43253.248    72.407     0.43    4.72
 -42877.050    73.170     2.03    5.33
 -42500.845    75.029     4.94    6.45
 -42124.634    76.326     3.45    6.87
 -41748.417    77.285     2.55    6.77
 -41372.193    79.654     6.30    6.84
 -40995.964    80.943     3.43    7.24
 -40619.728    84.914    10.55    7.33
 -40243.487    86.375     3.88    6.50
 -39867.239    87.709     3.54    6.81
 -39490.985    91.654    10.49    9.07
 -39114.725    96.510    12.91   11.72
 -38738.458   103.299    18.04   11.06
 -38362.186   107.737    11.79    9.18
 -37985.907   110.991     8.65    7.64
 -37609.623   113.326     6.21    6.60
 -37233.332   114.921     4.24    6.86
 -36857.035   117.921     7.97    8.24
 -36480.732   123.247    14.15   10.48
 -36104.422   128.914    15.06   12.79
 -35728.107   133.785    12.95   12.16
 -35351.785   137.401     9.61    9.53
 -34975.457   136.704    -1.85   10.00
 -34599.123   132.680   -10.69   13.42
 -34222.783   123.935   -23.24   16.57
 -33846.437   117.434   -17.27   18.01
 -33470.084   104.835   -33.48   18.71
 -33093.726    96.259   -22.79   16.34
 -32717.361    86.221   -26.67   15.37
 -32340.990    75.813   -27.66   12.21
 -31964.612    68.260   -20.06    8.85
 -31588.229    61.891   -16.92    5.87
 -31211.839    57.891   -10.63    4.67
 -30835.443    55.196    -7.16    3.59
 -30459.041    53.285    -5.07    3.63
 -30082.633    52.555    -1.94    3.38
 -29706.219    51.273    -3.41    4.49
 -29329.798    49.948    -3.52    4.32
 -28953.372    48.164    -4.74    4.14
 -28576.939    45.488    -7.11    3.05
 -28200.499    44.335    -3.06    2.83
 -27824.054    43.785    -1.46    2.97
 -27447.602    44.759     2.59    4.28
 -27071.145    45.060     0.80    4.84
 -26694.681    45.049    -0.03    5.04
 -26318.210    44.160    -2.36    4.78
 -25941.734    42.170    -5.29    3.38
 -25565.251    43.154     2.61    4.61
 -25188.762    45.996     7.55    5.67
 -24812.267    48.707     7.20    6.07
 -24435.766    50.385     4.46    5.10
 -24059.258    51.353     2.57    4.94
 -23682.745    52.542     3.16    5.17
 -23306.225    53.632     2.90    4.86
 -22929.698    54.272     1.70    4.49
 -22553.166    54.596     0.86    4.03
 -22176.627    54.921     0.86    3.82
 -21800.082    53.760    -3.08    5.05
 -21423.531    52.606    -3.06    5.66
 -21046.974    50.785    -4.83    5.95
 -20670.410    48.207    -6.85    4.65
 -20293.840    46.056    -5.71    4.41
 -19917.264    43.760    -6.10    5.48
 -19540.682    40.590    -8.42    6.70
 -19164.093    37.921    -7.09    6.25
 -18787.498    37.210    -1.89    6.74
 -18410.897    36.812    -1.06    7.44
 -18034.289    38.811     5.31    7.94
 -17657.676    41.917     8.25    8.40
 -17281.056    45.185     8.68    6.64
 -16904.430    47.709     6.70    5.63
 -16527.797    49.683     5.24    4.67
 -16151.158    49.410    -0.72    4.36
 -15774.513    47.891    -4.03    4.48
 -15397.862    47.735    -0.41    4.40
 -15021.204    47.685    -0.13    5.30
 -14645.763    48.841     3.08    6.26
 -14270.350    49.218     1.00    6.50
 -13894.930    47.272    -5.18    8.08
 -13519.504    43.335   -10.49    9.76
 -13144.072    38.960   -11.65    9.33
 -12768.634    36.180    -7.41    8.05
 -12393.189    32.860    -8.84    6.46
 -12017.738    30.891    -5.25    5.79
 -11642.281    28.110    -7.40    5.80
 -11266.818    25.452    -7.08    5.65
 -10891.348    23.364    -5.56    5.64
 -10515.873    20.862    -6.66    4.84
 -10140.391    18.760    -5.60    4.46
  -9764.902    17.346    -3.76    3.81
  -9389.408    15.299    -5.45    2.80
  -9013.907    13.635    -4.43    2.87
  -8638.400    12.443    -3.17    2.65
  -8262.886    11.298    -3.05    2.96
  -7887.367    10.285    -2.70    3.30
  -7511.841     9.138    -3.05    3.70
  -7136.308     7.632    -4.01    2.84
  -6760.770     7.221    -1.09    2.01
  -6385.225     7.233     0.03    1.55
  -6009.674     7.324     0.24    1.45
  -5634.117     6.897    -1.14    1.35
  -5258.553     6.688    -0.56    1.32
  -4882.983     6.606    -0.22    1.30
  -4507.407     6.654     0.13    1.42
  -4131.825     7.410     2.01    1.76
  -3756.236     7.760     0.93    1.94
  -3380.641     8.247     1.30    1.83
  -3005.040     8.575     0.87    2.03
  -2629.432     8.862     0.77    2.08
  -2253.818    10.075     3.23    2.15
  -1878.198    10.888     2.16    2.04
  -1502.571    10.260    -1.67    4.28
  -1126.939     7.313    -7.85    7.04
   -751.299     3.299   -10.69    7.23
   -375.654    -0.079    -8.99    5.09
     -0.002     0.970     2.79    5.42
    375.656     4.529     9.48    6.15
    751.320     7.563     8.08    4.82
   1126.991     7.761     0.53    4.37
   1502.668     5.170    -6.90    5.71
   1878.351     5.338     0.45    6.32
   2254.041     5.760     1.12    6.25
   2629.737     7.119     3.62    5.31
   3005.439     8.144     2.73    2.84
   3381.148     6.707    -3.83    2.26
   3756.863     5.785    -2.45    2.84
   4132.584     4.180    -4.27    2.13
   4508.312     3.981    -0.53    1.93
   4884.046     5.170     3.17    3.50
   5259.786     8.369     8.51    7.85
   5635.533    11.785     9.09   10.28
   6011.286    16.154    11.63   10.56
   6387.046    18.811     7.07   10.26
   6762.811    23.401    12.21   10.77
   7138.583    27.628    11.25   10.34
   7514.362    33.470    15.55    8.26
   7890.147    38.434    13.21    7.97
   8265.938    43.093    12.40    9.34
   8641.735    49.127    16.06   10.92
   9017.539    54.813    15.13   12.43
   9393.349    59.010    11.17   10.54
   9769.166    62.891    10.32   10.02
  10144.989    69.935    18.74   11.51
  10520.818    73.709    10.04   11.25
  10896.654    77.635    10.45    8.86
  11272.496    77.470    -0.44    8.72
  11648.344    71.273   -16.49   10.61
  12024.199    63.529   -20.60   10.37
  12400.060    56.218   -19.45    8.68
  12775.928    55.221    -2.65    9.59
  13151.802    55.460     0.64   11.55
  13527.682    53.272    -5.82   10.70
  13903.569    52.407    -2.30    9.10
  14279.462    52.008    -1.06    6.90
  14655.361    51.960    -0.13    6.64
  15031.267    54.185     5.92    6.95
  15407.180    59.154    13.22    8.40
  15783.098    65.555    17.03   10.46
  16159.023    70.312    12.65   10.42
  16534.955    74.085    10.04   10.90
  16910.893    75.221     3.02   11.69
  17286.837    80.529    14.12    8.54
  17662.788    83.478     7.84    5.71
  18038.745    84.580     2.93    3.22
  18414.708    83.395    -3.15    5.59
  18790.678    80.218    -8.45    7.24
  19166.655    77.042    -8.45    7.99
  19542.637    74.101    -7.82    7.63
  19918.627    69.811   -11.41    8.72
  20294.622    65.119   -12.48    7.90
  20670.624    62.414    -7.19    7.75
  21046.633    58.888    -9.38    8.13
  21422.648    55.707    -8.46    7.72
  21798.669    52.654    -8.12    7.55
  22174.697    49.965    -7.15    6.06
  22550.731    47.230    -7.27    5.31
  22926.772    44.639    -6.89    5.42
  23302.819    41.760    -7.66    6.08
  23678.872    39.601    -5.74    5.04
  24054.932    41.435     4.88    6.43
  24430.998    44.452     8.02    7.52
  24807.071    50.160    15.18    7.07
  25183.151    56.443    16.71    9.36
  25559.236    64.093    20.34   11.48
  25935.328    71.218    18.94   11.29
  26311.427    74.285     8.16    9.98
  26687.532    72.410    -4.99   12.18
  27063.644    64.285   -21.60   13.15
  27439.762    56.542   -20.59    9.17
  27815.886    51.110   -14.44    6.74
  28192.017    48.191    -7.76    5.34
  28568.155    47.119    -2.85    5.19
  28944.298    45.043    -5.52    3.69
  29320.449    44.310    -1.95    3.88
  29696.606    42.996    -3.49    4.79
  30072.769    39.575    -9.09    7.57
  30448.939    35.273   -11.44    8.06
  30825.115    31.549    -9.90    6.80
  31201.298    30.760    -2.10    5.19
  31577.487    30.760     0.00    4.55
  31953.683    32.460     4.52    4.57
  32329.885    37.022    12.13    7.04
  32706.094    39.888     7.62    7.88
  33082.309    43.710    10.16    8.31
  33458.530    47.897    11.13    8.75
  33834.759    53.170    14.02    8.76
  34210.993    57.470    11.43    8.18
  34587.234    58.991     4.04    7.71
  34963.482    56.862    -5.66    9.44
  35339.736    52.528   -11.52    9.46
  35715.997    47.207   -14.14    9.30
  36092.264    42.154   -13.43    6.47
  36468.538    39.233    -7.76    4.09
  36844.818    36.932    -6.12    4.08
  37221.105    34.674    -6.00    3.31
  37597.398    33.566    -2.95    2.89
  37973.698    33.503    -0.17    3.32
  38350.004    33.180    -0.86    3.24
  38726.317    33.632     1.20    2.77
  39102.636    34.478     2.25    2.97
  39478.962    35.810     3.54    3.13
  39855.294    37.022     3.22    2.86
  40231.633    38.710     4.49    2.69
  40607.979    40.101     3.70    2.90
  40984.331    40.883     2.08    3.04
  41360.689    42.760     4.99    2.74
  41737.054    44.202     3.83    2.58
  42113.426    45.326     2.99    2.29
  42489.804    46.601     3.39    2.47
  42866.189    47.128     1.40    2.41
  43242.580    47.888     2.02    2.78
  43618.978    48.364     1.27    3.08
  43995.382    50.632     6.02    3.41
  44371.793    52.628     5.30    4.00
  44748.210    55.785     8.39    6.06
  45124.634    60.210    11.76    7.19
  45501.065    64.049    10.20    8.09
  45877.502    70.200    16.34    9.34
  46253.946    74.555    11.57    9.94
  46630.396    78.580    10.69    9.16
  47006.853    80.022     3.83    7.68
  47383.316    79.503    -1.38    7.07
  47759.786    76.510    -7.95    7.29
  48136.263    71.733   -12.69    7.36
  48512.746    68.385    -8.89    8.22
  48889.236    63.891   -11.94    7.94
  49265.732    61.410    -6.59    7.57
  49642.235    57.535   -10.29    7.34
  50018.744    53.758   -10.03    6.70
  50395.260    50.218    -9.40    4.05
  50771.783    49.542    -1.79    3.29
  51148.312    50.685     3.04    3.63
  51524.848    52.221     4.08    4.01
  51901.390    54.056     4.87    3.91
  52277.939    56.555     6.64    5.10
  52654.495    56.914     0.95    4.67
  53031.057    56.470    -1.18    5.83
  53407.626    55.660    -2.15    6.93
  53784.201    52.093    -9.47    6.37
  54160.783    48.910    -8.45    5.07
  54537.372    46.943    -5.22    4.87
  54913.967    44.360    -6.86    4.13
  55290.569    42.056    -6.12    3.31
  55667.178    40.566    -3.96    2.82
  56043.793    40.734     0.45    3.43
  56420.414    42.424     4.49    5.76
  56797.043    44.478     5.45    6.74
  57173.678    45.391     2.42    6.65
  57550.319    45.835     1.18    6.69
  57926.968    45.221    -1.63    5.37
  58303.622    45.674     1.20    4.96
  58680.284    45.623    -0.14    4.32
  59056.952    47.680     5.46    4.94
  59433.627    48.680     2.65    4.42
  59810.308    49.005     0.86    4.30
  60186.687    48.840    -0.44    3.64
  60562.063    49.085     0.66    3.88
  60937.445    50.068     2.62    4.22
  61312.833    50.837     2.05    4.06
  61688.229    53.452     6.97    5.50
  62063.631    55.170     4.58    5.01
  62439.039    57.060     5.04    4.93
  62814.455    58.891     4.88    4.90
  63189.876    60.785     5.05    5.27
  63565.305    61.975     3.17    4.86
  63940.740    62.176     0.54    5.07
  64316.181    63.606     3.81    5.18
  64691.630    64.650     2.78    4.80
  65067.085    63.677    -2.59    4.98
  65442.546    62.230    -3.86    5.01
  65818.014    60.709    -4.05    4.04
  66193.489    59.860    -2.26    2.91
  66568.970    59.970     0.29    2.87
  66944.458    60.991     2.72    3.66
  67319.953    61.063     0.19    4.08
  67695.454    61.460     1.06    4.77
  68070.962    62.210     2.00    6.21
  68446.477    61.733    -1.27    6.28
  68821.998    61.160    -1.52    5.75
  69197.526    60.350    -2.16    4.91
  69573.060    60.375     0.07    4.92
  69948.601    60.785     1.09    4.94
  70324.149    60.709    -0.20    4.24
  70699.703    61.180     1.26    4.02
  71075.264    62.939     4.68    3.29
  71450.832    64.035     2.92    3.21
  71826.406    64.841     2.14    3.35
  72201.987    65.478     1.70    3.52
  72577.575    66.272     2.11    3.79
  72953.169    67.601     3.54    3.68
  73328.770    69.298     4.52    2.48
  73704.378    70.285     2.63    3.30
  74079.992    69.935    -0.93    3.49
  74455.613    68.862    -2.86    4.43
  74831.241    67.075    -4.76    4.60
  75206.876    64.555    -6.71    3.54
  75582.517    63.049    -4.01    2.82
  75958.164    64.042     2.64    3.36
  76333.819    65.657     4.30    4.17
  76709.480    67.060     3.74    4.19
  77085.148    69.864     7.46    3.09
  77460.822    71.420     4.14    3.24
  77836.503    72.635     3.24    3.36
  78212.191    74.369     4.61    2.95
  78587.886    75.470     2.93    3.50
  78963.587    76.996     4.06    4.00
  79339.295    78.529     4.08    3.65
  79715.009    80.401     4.98    4.42
  80090.731    82.101     4.53    4.20
  80466.459    83.247     3.05    4.80
  80842.193    84.650     3.74    5.13
  81217.935    87.632     7.93    7.18
  81593.683    90.664     8.07    8.70
  81969.438    93.975     8.81    8.14
  82345.199   101.010    18.72   11.20
  82720.968   104.943    10.47   10.16
  83096.743   108.247     8.79    9.48
  83472.525   108.247     0.00    9.77
  83848.313   108.196    -0.14    8.89
  84224.108   111.585     9.02    9.68
  84599.910   116.427    12.88    9.13
  84975.719   121.535    13.60    6.89
  85351.534   124.867     8.86    7.94
  85727.356   127.635     7.37    7.59
  86103.185   127.835     0.53    7.94
  86479.021   126.812    -2.72    8.73
  86854.863   126.380    -1.15    8.92
  87230.712   127.313     2.48    8.81
  87606.568   128.360     2.79    7.79
  87982.430   131.585     8.58    6.73
  88358.300   132.273     1.83    6.81
  88734.176   131.427    -2.25    6.41
  89110.059   131.563     0.36    6.34
  89485.948   131.221    -0.91    6.24
  89861.844   130.910    -0.83    7.31
  90237.748   126.970   -10.48    8.70
  90613.657   124.042    -7.79    7.61
  90989.574   124.555     1.36    7.97
  91365.497   128.200     9.70   10.14
  91741.427   136.299    21.54    8.46
  92117.364   141.375    13.50    5.78
  92493.308   145.683    11.46    4.11
  92869.258   148.180     6.64    3.39
  93245.216   149.660     3.94    3.06
  93621.180   150.757     2.92    2.05
  93997.150   149.529    -3.27    3.47
  94373.128   145.259   -11.36    7.38
  94749.112   138.496   -17.99   10.21
  95125.103   129.623   -23.60   10.63
  95501.101   123.174   -17.15    9.86
  95877.106   122.235    -2.50    9.23
  96253.118   122.144    -0.24   10.66
  96629.136   125.575     9.12   11.83
  97005.161   125.991     1.11   10.83
  97381.193   127.285     3.44   10.36
  97757.232   127.260    -0.07   11.27
  98133.277   126.119    -3.04   13.17
  98509.329   128.310     5.83   13.57
  98885.388   131.654     8.89   11.89
  99261.454   133.683     5.40   10.18
  99637.527   136.360     7.12    8.80
 100013.607   137.702     3.57    7.55
 100389.693   137.709     0.02    7.34
 100765.786   134.654    -8.12    8.65
 101141.886   128.943   -15.18   10.16
 101517.993   122.580   -16.92    9.85
 101894.106   118.730   -10.24    6.43
 102270.227   119.170     1.17    6.56
 102646.354   122.324     8.39    7.17
 103022.488   125.075     7.31    7.34
 103398.629   128.310     8.60    6.50
 103774.777   131.677     8.95    5.39
 104150.932   136.225    12.09    7.45
 104527.093   140.888    12.40    8.93
 104903.261   143.555     7.09    9.18
 105279.437   144.196     1.70    9.21
 105655.618   145.170     2.59    9.85
 106031.807   145.960     2.10    9.11
 106408.003   147.707     4.64    8.06
 106784.206   148.760     2.80    8.00
 107160.415   151.075     6.15    7.50
 107536.631   153.151     5.52    6.91
 107912.854   154.760     4.28    6.22
 108289.084   154.841     0.21   10.06
 108665.321   151.515    -8.84   14.43
 109041.565   152.623     2.95   15.33
 109417.815   157.733    13.58   12.16
 109794.073   156.862    -2.31   12.03
 110170.337   155.443    -3.77   13.06
 110546.608   150.888   -12.11   13.11
 110922.886   147.470    -9.09   10.25
 111299.171   145.601    -4.97    9.96
 111675.463   139.210   -16.98   10.93
 112051.761   132.759   -17.15   11.23
 112428.067   125.761   -18.60    9.98
 112804.379   118.522   -19.24    8.50
 113180.699   111.360   -19.03   10.23
 113557.025   104.233   -18.94    8.34
 113933.358    98.510   -15.21    6.72
 114309.698    94.385   -10.96    5.20
 114686.045    93.338    -2.78    5.46
 115062.399    93.735     1.06    7.75
 115438.759    94.991     3.34    9.23
 115815.127    93.935    -2.80    8.40
 116191.501    92.735    -3.19    7.48
 116567.883    92.480    -0.68    7.85
 116944.271    92.813     0.88    8.26
 117320.666    91.326    -3.95    7.26
 117697.068    90.585    -1.97    4.56
 118073.477    92.035     3.85    5.90
 118449.893    94.917     7.66    7.57
 118826.316   101.960    18.71    9.98
 119202.746   107.298    14.18    9.66
 119579.183   111.375    10.83    7.03
 119955.626   112.685     3.48    4.60
 120332.077   112.529    -0.42    5.01
 120708.534   111.683    -2.25    4.65
 121084.999   113.417     4.61    4.97
 121461.470   116.160     7.29    6.02
 121837.948   118.380     5.90    6.84
 122214.434   121.834     9.18    7.80
 122590.926   125.273     9.13    7.36
 122967.425   129.312    10.73    6.36
 123343.931   131.914     6.91    5.24
 123720.444   131.864    -0.13    6.55
 124096.964   130.119    -4.64    8.85
 124473.491   125.837   -11.37   10.72
 124850.025   122.137    -9.83   10.88
 125226.565   117.137   -13.28    8.85
 125603.113   112.867   -11.34    5.83
 125979.668   110.385    -6.59    5.66
 126356.230   111.029     1.71    6.44
 126732.798   113.812     7.39    6.97
 127109.374   115.985     5.77    7.98
 127485.956   121.364    14.28    7.48
 127862.546   124.260     7.69    8.02
 128239.143   126.427     5.75    7.73
 128615.746   127.375     2.52    6.43
 128992.356   129.170     4.77    5.87
 129368.974   129.470     0.80    4.56
 129745.598   127.360    -5.60    6.27
 130122.230   121.921   -14.44   11.56
 130498.868   113.737   -21.73   12.74
 130875.514   104.888   -23.49   10.32
 131252.166    99.785   -13.55    7.11
 131628.825    96.632    -8.37    5.32
 132005.492    93.965    -7.08    3.52
 132382.165    93.503    -1.23    3.18
 132758.845    92.170    -3.54    3.31
 133135.533    91.443    -1.93    3.20
 133512.227    91.207    -0.63    3.82
 133888.928    88.407    -7.43    5.88
 134265.637    87.935    -1.25    6.24
 134642.352    87.371    -1.50    6.20
 135019.074    87.628     0.68    6.54
 135395.115    88.835     3.21    5.66
 135770.453    89.733     2.39    5.54
 136145.799    88.635    -2.92    6.43
 136521.152    86.862    -4.72    6.21
 136896.511    87.170     0.82    6.11
 137271.878    87.575     1.08    4.86
 137647.251    87.606     0.08    5.20
 138022.631    87.127    -1.28    5.18
 138398.019    88.285     3.09    5.64
 138773.413    88.834     1.46    4.61
 139148.815    89.443     1.62    4.38
 139524.223    90.180     1.96    4.49
 139899.638    90.733     1.47    4.45
 140275.061    90.071    -1.76    3.83
 140650.490    91.185     2.97    5.02
 141025.926    90.657    -1.41    5.14
 141401.370    90.503    -0.41    5.00
 141776.820    93.350     7.58    6.56
 142152.277    96.380     8.07    7.12
 142527.741    98.883     6.67    6.84
 142903.213   101.401     6.71    6.27
 143278.691   103.888     6.62    7.57
 143654.176   106.310     6.45    7.45
 144029.669   108.324     5.36    6.92
 144405.168   108.350     0.07    6.57
 144780.674   107.758    -1.57    5.91
 145156.188   108.452     1.85    5.59
 145531.708   110.273     4.85    6.60
 145907.235   112.529     6.01    6.94
 146282.770   112.960     1.15    7.29
 146658.311   110.424    -6.75    8.70
 147033.859   107.083    -8.90    8.50
 147409.415   108.380     3.45   12.25
 147784.977   113.910    14.73   14.98
 148160.547   121.660    20.64   14.14
 148536.123   125.623    10.55   11.19
 148911.707   123.210    -6.42   12.53
 149287.297   113.221   -26.60   14.09
 149662.895   105.443   -20.71    8.74
 150038.500   102.160    -8.74    5.79
 150414.111   102.273     0.30    5.60
 150789.730   104.324     5.46    6.90
 151165.356   105.864     4.10    8.34
 151540.989   107.335     3.92    7.82
 151916.629   108.353     2.71    5.14
 152292.276   110.176     4.85    3.42
 152667.930   111.324     3.06    3.19
 153043.591   112.312     2.63    3.13
 153419.259   113.606     3.45    3.19
 153794.934   115.260     4.40    4.45
 154170.616   117.709     6.52    6.21
 154546.306   121.119     9.08    6.47
 154922.002   123.654     6.75    5.37
 155297.705   125.758     5.60    4.88
 155673.416   127.897     5.69    4.45
 156049.134   130.135     5.96    5.12
 156424.858   132.860     7.25    6.37
 156800.590   135.496     7.01    9.07
 157176.329   137.085     4.23   10.83
 157552.075   136.683    -1.07   11.61
 157927.828   133.510    -8.44   10.72
 158303.588   130.657    -7.59    5.65
 158679.355   130.016    -1.71    5.55
 159055.129   131.154     3.03    6.19
 159430.910   131.709     1.48    6.20
 159806.699   132.761     2.80    6.61
 160182.494   134.285     4.06    6.62
 160558.297   135.939     4.40    6.33
 160934.107   139.338     9.04    7.38
 161309.924   142.632     8.76    7.63
 161685.748   148.298    15.08    8.40
 162061.579   154.758    17.19    9.16
 162437.417   160.735    15.91    9.75
 162813.262   165.914    13.78    7.97
 163189.115   167.154     3.30    6.62
 163564.974   166.785    -0.98    6.81
 163940.841   165.650    -3.02    6.79
 164316.714   163.688    -5.22    6.14
 164692.595   165.606     5.10    6.58
 165068.483   169.888    11.39   10.15
 165444.378   170.914     2.73   10.15
 165820.281   167.042   -10.30   13.91
 166196.190   165.035    -5.34   13.97
 166572.107   157.891   -19.01   11.61
 166948.030   155.560    -6.20   11.59
 167323.961   154.470    -2.90   11.48
 167699.899   149.493   -13.24    9.18
 168075.844   146.410    -8.20    7.27
 168451.796   147.369     2.55    8.29
 168827.756   150.758     9.02   11.06
 169203.722   151.785     2.73   10.74
 169579.696   149.119    -7.09   12.38
 169955.677   143.144   -15.89   12.32
 170331.664   136.734   -17.05    7.35
 170707.660   131.144   -14.87    5.77
 171083.662   128.733    -6.41    4.60
 171459.671   125.888    -7.57    5.65
 171835.688   124.176    -4.55    5.46
 172211.712   121.758    -6.43    5.58
 172587.743   120.810    -2.52    5.31
 172963.781   120.654    -0.42    4.87
 173339.826   121.235     1.55    4.46
 173715.879   122.285     2.79    4.71
 174091.938   121.985    -0.80    4.77
 174468.005   121.427    -1.49    5.45
 174844.079   119.837    -4.23    5.59
 175220.160   118.660    -3.13    5.09
 175596.248   118.022    -1.70    4.70
 175972.344   118.735     1.90    4.18
 176348.447   117.660    -2.86    4.42
 176724.557   116.623    -2.76    5.03
 177100.674   114.731    -5.03    5.73
 177476.798   113.461    -3.38    5.54
 177852.930   112.835    -1.66    6.31
 178229.068   112.560    -0.73    6.10
 178605.214   111.324    -3.29    6.50
 178981.367   109.635    -4.49    6.16
 179357.528   106.680    -7.86    7.09
 179733.695   103.535    -8.36    7.30
 180109.870    99.660   -10.30    5.48
 180486.052    97.075    -6.87    4.47
 180862.241    96.060    -2.70    4.75
 181238.437    94.760    -3.46    5.18
 181614.641    95.346     1.56    6.28
 181990.852    98.996     9.70    7.58
 182367.070   100.410     3.76    7.26
 182743.295   101.555     3.04    6.75
 183119.528   100.338    -3.23    7.02
 183495.768    97.860    -6.59    7.68
 183872.014    93.928   -10.45    8.27
 184248.269    90.401    -9.38    6.22
 184624.530    88.917    -3.94    4.97
 185000.799    89.733     2.17    5.62
 185377.075    91.813     5.53    6.66
 185753.358    93.508     4.51    5.70
 186129.648    95.285     4.72    5.96
 186505.946    95.285     0.00    5.90
 186882.251    94.965    -0.85    6.06
 187258.563    95.683     1.91    6.60
 187634.882    98.838     8.39    7.58
 188011.209   102.935    10.89    8.11
 188387.543   108.555    14.93    6.73
 188763.884   110.260     4.53    6.97
 189140.233   109.443    -2.17    8.47
 189516.588   106.503    -7.81    8.38
 189892.951   105.761    -1.97    7.90
 190269.322   107.894     5.67    8.51
 190645.699   108.606     1.89    8.63
 191022.084   107.888    -1.91    8.43
 191398.476   106.683    -3.20    7.56
 191774.875   104.910    -4.71    6.64
 192151.282   107.128     5.89    6.76
 192527.696   107.939     2.15    5.82
 192904.117   108.312     0.99    5.23
 193280.545   107.180    -3.01    4.89
 193656.981   107.888     1.88    5.43
 194033.424   110.980     8.21    7.03
 194409.875   112.835     4.93    6.71
 194786.332   115.657     7.50    4.95
 195162.797   116.862     3.20    5.10
 195539.269   118.401     4.09    4.95
 195915.749   119.628     3.26    4.56
 196292.236   119.135    -1.31    4.70
 196668.730   118.522    -1.63    4.72
 197045.231   116.885    -4.35    4.30
