# NaN NaN NaN ;Mean Elev.(m), Avg Gradient(m/km), RMS Gradient(m/km) - SRTM1     
#  126.984  -2.660  48.121 ;Mean Elev.(m), Avg Gradient(m/km), RMS Gradient(m/km) - ASTER GDEM
#  137.814  -2.232  55.731 ;Mean Elev.(m), Avg Gradient(m/km), RMS Gradient(m/km) - GMTED2010 
  7   142.872 52460.13344208 44.84 104.693184  17.539172 17.023
  7   142.888 52460.13344273 43.28 104.692414  17.535872 17.023
  7   142.640 52460.13344337 38.66 104.691634  17.532572 17.023
  9   143.831 52530.13341932 29.97 104.691438  17.541237 18.236
  9   145.979 52530.13341996 24.37 104.690668  17.537927 18.236
  9   147.434 52530.13342061 21.42 104.689892  17.534636 19.515
  9   147.513 52530.13342125 25.75 104.689112  17.531326 19.515
 10   138.676 52565.13343827 46.74 104.698456  17.536090 14.849
 10   138.691 52565.13343892 47.75 104.697686  17.532790 14.849
 10   138.720 52565.13343956 41.41 104.696906  17.529490 14.849
 11   136.800 52600.13346342 41.47 104.683929  17.544155 12.566
 11   136.852 52600.13346406 42.13 104.683149  17.540855 12.566
 11   136.814 52600.13346471 41.04 104.682379  17.537555 12.566
 12   135.952 52635.13342072 45.52 104.689268  17.542322 23.601
 12   136.023 52635.13342136 52.02 104.688498  17.539022 23.601
 12   135.812 52635.13342201 49.60 104.687718  17.535722 23.601
 12   135.803 52635.13342265 45.27 104.686948  17.532422 23.601
 13   135.404 52670.13343004 42.62 104.688545  17.542907 18.339
 13   135.877 52670.13343069 48.51 104.687775  17.539607 18.339
 13   135.159 52670.13343133 47.34 104.686995  17.536307 18.339
 13   134.995 52670.13343198 49.01 104.686225  17.533007 18.339
 14   145.988 52705.13341998 17.92 104.694107  17.539636 13.912
 14   134.668 52705.13342063 24.19 104.693337  17.536336 13.912
 14   134.449 52705.13342127 23.92 104.692557  17.533036 13.912
 14   143.397 52705.13342192 22.77 104.691777  17.529736 13.912
 15   135.134 52740.13345532 25.38 104.687474  17.540770 22.286
 15   134.624 52740.13345597 34.17 104.686694  17.537470 22.286
 15   134.408 52740.13345661 38.31 104.685924  17.534170 22.286
 16   135.088 52775.13340236 36.93 104.692365  17.540641 13.291
 16   134.784 52775.13340301 44.45 104.691585  17.537341 13.291
 16   134.884 52775.13340365 48.30 104.690815  17.534041 13.291
 16   134.524 52775.13340430 48.92 104.690035  17.530741 13.291
 17   136.980 52810.13347654 33.81 104.689034  17.541930 19.819
 17   137.135 52810.13347719 32.93 104.688264  17.538630 19.819
 17   137.126 52810.13347783 38.45 104.687484  17.535330 19.819
 17   136.813 52810.13347848 33.65 104.686714  17.532030 19.819
 18   145.667 52845.13353284 24.12 104.690846  17.540966 15.337
 18   146.644 52845.13353349 21.56 104.690076  17.537666 15.337
 18   147.849 52845.13353413 22.07 104.689296  17.534366 15.337
 19   145.184 52880.13357074 22.31 104.687796  17.539944 17.944
 19   146.796 52880.13357138 21.00 104.687026  17.536644 17.944
 19   147.403 52880.13357203 25.66 104.686246  17.533344 17.944
 20   140.498 52915.13352850 42.05 104.692146  17.538913 12.331
 20   140.384 52915.13352914 44.26 104.691376  17.535613 12.331
 20   140.334 52915.13352979 44.60 104.690596  17.532313 12.331
 21   136.443 52950.13348834 48.61 104.696328  17.537320 18.254
 21   136.169 52950.13348898 52.27 104.695558  17.534020 18.254
 21   136.317 52950.13348963 48.34 104.694778  17.530720 18.254
 22   134.772 52985.13351254 47.51 104.695709  17.538373 18.264
 22   134.301 52985.13351319 41.95 104.694939  17.535073 18.264
 22   134.615 52985.13351383 42.58 104.694159  17.531773 18.264
 22   134.486 52985.13351448 32.37 104.693389  17.528473 18.264
 23   134.935 53020.13350326 50.96 104.690747  17.538765 16.151
 23   134.644 53020.13350390 46.10 104.689967  17.535465 16.151
 23   134.354 53020.13350455 50.98 104.689197  17.532165 16.151
 24   133.878 53055.13349030 45.06 104.695367  17.536989 16.213
 24   134.510 53055.13349094 38.89 104.694587  17.533689 16.213
 24   134.113 53055.13349159 44.38 104.693817  17.530389 16.213
 25   144.614 53090.13352702 21.67 104.680877  17.543013 25.280
 25   133.853 53090.13352766 28.89 104.680107  17.539713 25.280
 25   144.067 53090.13352831 26.76 104.679327  17.536413 25.280
 26   134.866 53125.13349716 42.59 104.692760  17.540248 13.711
 26   134.341 53125.13349780 48.76 104.691990  17.536948 13.711
 26   134.593 53125.13349845 48.10 104.691210  17.533648 13.711
 26   134.413 53125.13349909 46.49 104.690440  17.530348 13.711
 27   137.401 53160.13355773 32.84 104.684266  17.541685 20.864
 27   145.682 53160.13355837 25.82 104.683486  17.538385 20.864
 27   145.921 53160.13355902 32.88 104.682716  17.535085 20.864
 28   145.841 53195.13355418 23.10 104.692803  17.540610 14.519
 28   146.686 53195.13355482 19.45 104.692033  17.537310 14.519
 28   147.192 53195.13355547 20.22 104.691253  17.534010 14.519
 28   147.491 53195.13355611 26.97 104.690483  17.530710 14.519
 29   143.568 53230.13354290 51.93 104.694058  17.537436 18.008
 29   143.629 53230.13354355 48.22 104.693288  17.534136 18.008
 29   143.611 53230.13354419 48.10 104.692508  17.530836 18.008
 30   145.480 53265.13351296 48.16 104.686485  17.543004 25.386
 30   145.422 53265.13351361 46.36 104.685715  17.539704 25.386
 30   145.534 53265.13351425 44.85 104.684935  17.536404 25.386
 31   138.924 53300.13356074 28.34 104.681911  17.543253 25.784
 31   138.661 53300.13356138 22.36 104.681131  17.539953 25.784
 31   145.593 53300.13356203 22.82 104.680361  17.536653 25.784
 32   135.892 53335.13353109 48.56 104.689533  17.540735 20.780
 32   135.627 53335.13353174 38.07 104.688753  17.537435 20.780
 32   136.017 53335.13353238 39.53 104.687983  17.534135 20.780
 33   135.124 53370.13347063 26.77 104.689789  17.539211 20.298
 33   135.131 53370.13347128 28.28 104.689019  17.535911 20.298
 33   134.711 53370.13347192 28.88 104.688239  17.532611 20.298
 35   144.533 53440.13349051 17.42 104.689239  17.542282 21.592
 35   134.549 53440.13349115 27.40 104.688469  17.538982 21.592
 35   134.236 53440.13349180 33.13 104.687689  17.535682 21.592
 35   134.069 53440.13349244 21.85 104.686919  17.532382 21.592
 36   134.786 53475.13355343 36.52 104.686699  17.542957 17.667
 36   134.650 53475.13355408 34.76 104.685929  17.539657 17.667
 36   134.834 53475.13355472 36.79 104.685149  17.536357 17.667
 37   134.995 53510.13356968 42.92 104.690040  17.540721 16.811
 37   134.614 53510.13357033 49.41 104.689260  17.537421 16.811
 37   134.920 53510.13357097 47.33 104.688490  17.534121 16.811
 38   144.784 53545.13358612 30.22 104.685729  17.543233 17.875
 38   144.992 53545.13358677 27.89 104.684959  17.539933 17.875
 38   146.803 53545.13358741 24.34 104.684179  17.536633 17.875
 40   145.250 53615.13351750 51.81 104.685614  17.542515 29.133
 40   145.310 53615.13351815 50.56 104.684834  17.539215 29.133
 40   145.426 53615.13351879 48.61 104.684064  17.535915 29.133
 41   142.725 53650.13352783 43.89 104.692646  17.540671 14.644
 41   142.650 53650.13352848 48.20 104.691876  17.537371 14.644
 41   142.644 53650.13352912 49.84 104.691096  17.534071 14.644
 41   142.703 53650.13352977 46.27 104.690326  17.530771 14.644
 42   137.693 53685.13353836 28.88 104.685202  17.542825 18.178
 42   137.970 53685.13353900 33.96 104.684432  17.539525 18.178
 42   137.702 53685.13353965 36.23 104.683652  17.536225 18.178
 43   135.861 53720.13346506 36.39 104.691270  17.540133 14.860
 43   135.650 53720.13346570 44.96 104.690500  17.536833 14.860
 43   135.559 53720.13346635 51.02 104.689720  17.533533 14.860
 44   134.707 53755.13339019 47.19 104.697885  17.534638 15.455
 44   134.901 53755.13339083 41.97 104.697115  17.531338 15.455
 44   134.791 53755.13339148 45.75 104.696335  17.528038 15.455
 45   144.498 53790.13341896 16.59 104.693711  17.540117 18.472
 45   134.657 53790.13341961 26.96 104.692931  17.536817 18.472
 45   134.286 53790.13342025 26.67 104.692161  17.533517 18.472
 45   144.205 53790.13342089 24.95 104.691381  17.530217 18.472
 46   134.760 53825.13337513 46.23 104.697305  17.538205 14.937
 46   134.335 53825.13337578 50.09 104.696525  17.534905 14.937
 46   134.652 53825.13337642 48.08 104.695755  17.531605 14.937
 46   134.273 53825.13337707 49.13 104.694975  17.528305 14.937
 47   134.849 53860.13346828 36.71 104.687852  17.543002 18.940
 47   135.020 53860.13346893 40.63 104.687072  17.539702 18.940
 47   134.850 53860.13346957 43.51 104.686302  17.536402 18.940
 47   134.626 53860.13347022 43.95 104.685522  17.533102 18.940
 48   136.647 53895.13348703 36.75 104.692220  17.537578 16.300
 48   136.846 53895.13348767 33.05 104.691440  17.534278 16.300
 48   136.812 53895.13348832 43.33 104.690670  17.530978 16.300
 49   140.754 53930.13353967 39.54 104.680824  17.544408 24.164
 49   140.866 53930.13354031 34.49 104.680044  17.541098 24.164
 49   141.037 53930.13354096 39.70 104.679274  17.537798 24.164
 50   144.586 53965.13351878 25.56 104.682885  17.541721 21.222
 50   146.116 53965.13351942 25.17 104.682105  17.538411 21.222
 50   146.382 53965.13352007 34.57 104.681335  17.535111 21.222
 51   139.411 54000.13347527 52.01 104.694883  17.537479 16.692
 51   139.477 54000.13347591 50.14 104.694103  17.534179 16.692
 51   139.489 54000.13347656 48.97 104.693333  17.530879 16.692
 52   139.163 54035.13351946 46.94 104.692723  17.537684 18.493
 52   139.069 54035.13352010 47.74 104.691953  17.534384 18.493
 52   139.091 54035.13352075 46.20 104.691173  17.531084 18.493
 53   135.874 54070.13351322 29.69 104.691365  17.540699 15.965
 53   135.975 54070.13351387 36.81 104.690585  17.537399 15.965
 53   135.844 54070.13351451 36.99 104.689815  17.534099 15.965
 54   135.071 54105.13346753 49.79 104.687158  17.540100 25.868
 54   134.716 54105.13346818 50.28 104.686378  17.536790 25.868
 54   134.558 54105.13346882 52.72 104.685608  17.533490 25.868
 55   134.341 54140.13344480 53.62 104.690513  17.540127 18.255
 55   134.536 54140.13344545 44.40 104.689743  17.536827 18.255
 55   134.318 54140.13344609 49.80 104.688963  17.533527 18.255
 56   144.985 54175.13344711 23.22 104.688721  17.542905 18.780
 56   145.728 54175.13344775 19.49 104.687951  17.539605 18.780
 56   144.417 54175.13344839 17.13 104.687171  17.536305 18.780
 56   145.195 54175.13344904 19.62 104.686401  17.533005 18.780
 57   134.660 54210.13345116 49.67 104.689495  17.540516 17.109
 57   134.408 54210.13345181 51.06 104.688725  17.537216 17.109
 57   134.446 54210.13345245 49.43 104.687945  17.533916 17.109
 58   135.486 54245.13348177 43.70 104.689905  17.538841 12.691
 58   135.606 54245.13348241 46.60 104.689125  17.535541 12.691
 58   135.412 54245.13348306 45.96 104.688355  17.532241 12.691
 59   138.555 54280.13349348 40.88 104.690042  17.539466 16.360
 59   138.603 54280.13349412 43.85 104.689262  17.536166 16.360
 59   138.480 54280.13349477 44.79 104.688492  17.532866 16.360
 60   140.926 54315.13349291 52.46 104.690979  17.538769 17.658
 60   140.862 54315.13349355 49.36 104.690199  17.535469 17.658
 60   140.842 54315.13349420 50.15 104.689429  17.532169 17.658
 61   143.474 54350.13346094 50.96 104.689423  17.541754 26.270
 61   143.546 54350.13346158 48.63 104.688643  17.538454 26.270
 61   143.539 54350.13346223 46.68 104.687873  17.535154 26.270
 61   143.237 54350.13346287 47.99 104.687093  17.531854 26.270
 62   143.332 54385.13343118 49.72 104.691781  17.540499 23.629
 62   143.221 54385.13343183 53.31 104.691001  17.537199 23.629
 62   143.188 54385.13343247 51.39 104.690231  17.533899 23.629
 63   137.013 54420.13341105 41.77 104.688606  17.541104 26.830
 63   136.884 54420.13341170 41.66 104.687826  17.537804 26.830
 63   136.950 54420.13341234 43.90 104.687056  17.534504 26.830
 64   135.292 54455.13340320 38.28 104.692199  17.538967 19.057
 64   135.381 54455.13340384 39.97 104.691429  17.535667 19.057
 64   135.311 54455.13340449 38.46 104.690649  17.532367 19.057
 65   134.361 54490.13341141 49.30 104.690465  17.540287 13.281
 65   134.394 54490.13341205 49.66 104.689685  17.536987 13.281
 65   134.490 54490.13341270 50.79 104.688915  17.533687 13.281
 66   145.700 54525.13341602 17.86 104.692372  17.539685 12.130
 66   146.089 54525.13341666 15.34 104.691602  17.536385 12.130
 66   146.490 54525.13341731 19.65 104.690822  17.533085 12.130
 67   134.545 54560.13341998 48.91 104.688785  17.540640 18.535
 67   134.643 54560.13342062 48.49 104.688015  17.537340 18.535
 67   134.654 54560.13342127 50.62 104.687235  17.534040 18.535
 68   142.984 54595.13341169 20.14 104.689655  17.539606 14.725
 68   141.831 54595.13341234 20.18 104.688875  17.536306 14.725
 68   144.065 54595.13341298 20.97 104.688105  17.533006 14.725
 69   144.954 54630.13342582 25.13 104.689416  17.541699 17.864
 69   146.235 54630.13342647 22.69 104.688636  17.538399 17.864
 69   147.780 54630.13342711 21.12 104.687866  17.535099 17.864
 70   146.134 54665.13343261 26.51 104.688159  17.540089 18.683
 70   147.106 54665.13343325 24.22 104.687379  17.536789 18.683
 70   148.943 54665.13343390 25.00 104.686609  17.533489 18.683
 71   145.686 54700.13340267 33.67 104.690465  17.541142 21.079
 71   145.371 54700.13340331 26.12 104.689685  17.537842 21.079
 71   146.744 54700.13340395 23.46 104.688915  17.534542 21.079
 72   145.378 54735.13339122 25.30 104.691477  17.541574 13.286
 72   145.271 54735.13339186 22.61 104.690697  17.538274 13.286
 72   147.575 54735.13339251 19.89 104.689927  17.534974 13.286
 72   147.513 54735.13339315 25.09 104.689147  17.531674 13.286
 73   138.534 54770.13338371 50.69 104.690409  17.540254 15.381
 73   138.346 54770.13338436 46.08 104.689629  17.536954 15.381
 73   138.765 54770.13338500 45.05 104.688859  17.533654 15.381
 74   145.481 54805.13338529 16.36 104.689807  17.539844 12.269
 74   150.530 54805.13338594 12.58 104.689037  17.536544 12.269
 74   151.402 54805.13338658 15.74 104.688257  17.533244 12.269
 75   146.059 54840.13337816 15.56 104.690488  17.540146 12.231
 75   149.900 54840.13337880 13.00 104.689718  17.536846 12.231
 75   147.050 54840.13337945 16.66 104.688938  17.533546 12.231
 76   145.543 54875.13338631 15.37 104.689432  17.539337 16.229
 76   149.693 54875.13338696 11.64 104.688652  17.536037 16.229
 76   147.465 54875.13338760 15.68 104.687882  17.532737 16.229
 77   134.300 54910.13338373 37.30 104.687501  17.542912 18.749
 77   134.364 54910.13338438 46.06 104.686731  17.539612 18.749
 77   134.124 54910.13338502 48.08 104.685951  17.536312 18.749
 77   134.045 54910.13338567 46.63 104.685181  17.533012 18.749
 78   144.059 54945.13337801 14.23 104.689546  17.540684 17.367
 78   148.771 54945.13337866 10.48 104.688766  17.537384 17.367
 78   150.094 54945.13337930 11.28 104.687996  17.534084 17.367
 79   144.929 54980.13340485 24.84 104.688925  17.541168 19.805
 79   145.963 54980.13340550 20.94 104.688145  17.537868 19.805
 79   148.102 54980.13340614 21.47 104.687375  17.534568 19.805
 80   145.624 55015.13340781 27.04 104.690044  17.542137 17.334
 80   146.038 55015.13340845 24.01 104.689274  17.538837 17.334
 80   147.531 55015.13340910 22.63 104.688494  17.535537 17.334
 80   147.552 55015.13340974 34.52 104.687724  17.532237 17.334
 81   141.955 55050.13340160 33.46 104.691049  17.541078 15.143
 81   141.842 55050.13340225 35.62 104.690279  17.537778 15.143
 81   141.857 55050.13340289 36.92 104.689499  17.534478 15.143
 81   145.467 55050.13340354 41.79 104.688729  17.531178 15.143
 82   140.186 55085.13336860 39.32 104.688503  17.542147 21.588
 82   140.223 55085.13336925 36.51 104.687733  17.538847 21.588
 82   140.354 55085.13336989 37.51 104.686953  17.535547 21.588
 83   138.016 55120.13333516 46.25 104.692355  17.539965 12.067
 83   137.862 55120.13333580 47.47 104.691585  17.536665 12.067
 83   137.887 55120.13333645 46.46 104.690805  17.533365 12.067
 84   135.486 55155.13332840 37.01 104.688554  17.542012 22.819
 84   135.219 55155.13332905 37.10 104.687784  17.538712 22.819
 84   135.318 55155.13332969 34.32 104.687004  17.535412 22.819
 85   134.997 55190.13332388 46.11 104.690774  17.541625 13.664
 85   134.752 55190.13332452 46.59 104.689994  17.538325 13.664
 85   134.787 55190.13332517 48.46 104.689224  17.535025 13.664
 85   134.610 55190.13332581 47.24 104.688444  17.531725 13.664
 86   134.772 55225.13332859 47.03 104.689147  17.542026 17.980
 86   134.607 55225.13332923 50.20 104.688377  17.538726 17.980
 86   134.713 55225.13332988 49.09 104.687597  17.535426 17.980
 86   134.573 55225.13333052 47.81 104.686827  17.532126 17.980
 87   133.646 55260.13332006 29.77 104.690971  17.540567 13.129
 87   133.784 55260.13332070 42.69 104.690201  17.537267 13.129
 87   133.263 55260.13332135 48.60 104.689421  17.533967 13.129
 88   133.785 55295.13331405 25.60 104.688944  17.541102 21.875
 88   133.795 55295.13331470 38.97 104.688164  17.537802 21.875
 88   133.884 55295.13331534 36.09 104.687394  17.534502 21.875
 89   134.279 55330.13330122 31.14 104.688263  17.541255 17.593
 89   134.068 55330.13330186 37.65 104.687493  17.537955 17.593
 89   134.438 55330.13330251 40.20 104.686713  17.534655 17.593
 90   145.058 55365.13329576 19.42 104.689352  17.539346 20.044
 90   146.692 55365.13329640 16.73 104.688572  17.536046 20.044
 90   149.356 55365.13329705 18.78 104.687802  17.532746 20.044
 91   145.956 55400.13330667 34.32 104.690936  17.540150 16.288
 91   146.206 55400.13330732 25.66 104.690156  17.536850 16.288
 91   147.764 55400.13330796 24.36 104.689386  17.533550 16.288
 92   145.547 55435.13331189 27.44 104.691545  17.540074 15.003
 92   146.478 55435.13331254 23.04 104.690775  17.536774 15.003
 92   147.453 55435.13331318 23.72 104.689995  17.533474 15.003
 93   141.721 55470.13326566 51.07 104.689347  17.542516 22.650
 93   141.432 55470.13326631 51.04 104.688567  17.539216 22.650
 93   141.793 55470.13326695 47.75 104.687797  17.535916 22.650
 93   141.691 55470.13326760 46.20 104.687017  17.532616 22.650
