# NaN NaN NaN ;Mean Elev.(m), Avg Gradient(m/km), RMS Gradient(m/km) - SRTM1     
#  126.948  -2.660  48.121 ;Mean Elev.(m), Avg Gradient(m/km), RMS Gradient(m/km) - ASTER GDEM
#  137.814  -2.232  55.731 ;Mean Elev.(m), Avg Gradient(m/km), RMS Gradient(m/km) - GMTED2010 
  7 104.692411  17.535872   142.800   142.872  3 52460.13344273 42.945
  9 104.690278  17.536282   146.189   146.707  4 52530.13342029 26.486
 10 104.697683  17.532790   138.696   138.691  3 52565.13343892 46.043
 11 104.683152  17.540855   136.822   136.814  3 52600.13346406 41.570
 12 104.688108  17.537372   135.898   135.882  4 52635.13342169 49.027
 13 104.687385  17.537957   135.359   135.281  4 52670.13343101 47.464
 14 104.692945  17.534686   139.626   139.033  4 52705.13342095 22.789
 15 104.686697  17.537470   134.722   134.624  3 52740.13345597 35.112
 16 104.691200  17.535691   134.820   134.834  4 52775.13340333 46.493
 17 104.687874  17.536980   137.013   137.053  4 52810.13347751 35.341
 18 104.690073  17.537666   146.720   146.644  3 52845.13353349 22.730
 19 104.687023  17.536644   146.461   146.796  3 52880.13357138 23.452
 20 104.691373  17.535613   140.405   140.384  3 52915.13352914 43.774
 21 104.695555  17.534020   136.310   136.317  3 52950.13348898 50.135
 22 104.694549  17.533423   134.544   134.551  4 52985.13351351 43.611
 23 104.689970  17.535465   134.644   134.644  3 53020.13350390 49.865
 24 104.694590  17.533689   134.167   134.113  3 53055.13349094 43.504
 25 104.680104  17.539713   140.845   144.067  3 53090.13352766 26.676
 26 104.691600  17.535298   134.553   134.503  4 53125.13349812 47.043
 27 104.683489  17.538385   143.002   145.682  3 53160.13355837 31.509
 28 104.691643  17.535660   146.803   146.939  4 53195.13355514 23.499
 29 104.693285  17.534136   143.603   143.611  3 53230.13354355 49.806
 30 104.685712  17.539704   145.479   145.480  3 53265.13351361 46.667
 31 104.681134  17.539953   141.059   138.924  3 53300.13356138 25.424
 32 104.688756  17.537435   135.845   135.892  3 53335.13353174 44.632
 33 104.689016  17.535911   134.989   135.124  3 53370.13347128 28.064
 35 104.688079  17.537332   136.847   134.392  4 53440.13349148 28.472
 36 104.685926  17.539657   134.757   134.786  3 53475.13355408 36.112
 37 104.689263  17.537421   134.843   134.920  3 53510.13357033 47.296
 38 104.684956  17.539933   145.526   144.992  3 53545.13358677 28.104
 40 104.684837  17.539215   145.329   145.310  3 53615.13351815 50.519
 41 104.691486  17.535721   142.681   142.677  4 53650.13352880 47.584
 42 104.684429  17.539525   137.788   137.702  3 53685.13353900 33.956
 43 104.690497  17.536833   135.690   135.650  3 53720.13346570 47.328
 44 104.697112  17.531338   134.800   134.791  3 53755.13339083 45.469
 45 104.692546  17.535167   139.412   139.431  4 53790.13341993 25.183
 46 104.696140  17.533255   134.505   134.493  4 53825.13337610 48.606
 47 104.686687  17.538052   134.836   134.849  4 53860.13346925 42.008
 48 104.691443  17.534278   136.768   136.812  3 53895.13348767 39.743
 49 104.680047  17.541101   140.886   140.866  3 53930.13354031 38.480
 50 104.682108  17.538414   145.695   146.116  3 53965.13351942 30.734
 51 104.694106  17.534179   139.459   139.477  3 54000.13347591 50.557
 52 104.691950  17.534384   139.108   139.091  3 54035.13352010 47.006
 53 104.690588  17.537399   135.898   135.874  3 54070.13351387 35.534
 54 104.686381  17.536793   134.782   134.716  3 54105.13346818 51.128
 55 104.689740  17.536827   134.398   134.341  3 54140.13344545 50.709
 56 104.687561  17.537955   145.081   145.090  4 54175.13344807 20.434
 57 104.688722  17.537216   134.505   134.446  3 54210.13345181 50.115
 58 104.689128  17.535541   135.501   135.486  3 54245.13348241 45.587
 59 104.689265  17.536166   138.546   138.555  3 54280.13349412 43.466
 60 104.690202  17.535469   140.877   140.862  3 54315.13349355 50.864
 61 104.688258  17.536804   143.449   143.507  4 54350.13346190 48.854
 62 104.691004  17.537199   143.247   143.221  3 54385.13343183 51.720
 63 104.687829  17.537804   136.949   136.950  3 54420.13341170 42.572
 64 104.691426  17.535667   135.328   135.311  3 54455.13340384 38.972
 65 104.689688  17.536987   134.415   134.394  3 54490.13341205 49.964
 66 104.691599  17.536385   146.093   146.089  3 54525.13341666 17.960
 67 104.688012  17.537340   134.614   134.643  3 54560.13342062 49.441
 68 104.688878  17.536306   142.960   142.984  3 54595.13341234 20.447
 69 104.688639  17.538399   146.323   146.235  3 54630.13342647 23.298
 70 104.687382  17.536789   147.394   147.106  3 54665.13343325 25.349
 71 104.689688  17.537842   145.934   145.686  3 54700.13340331 29.940
 72 104.690312  17.536624   146.434   146.446  4 54735.13339219 23.718
 73 104.689632  17.536954   138.548   138.534  3 54770.13338436 48.011
 74 104.689034  17.536544   149.138   150.530  3 54805.13338594 15.179
 75 104.689715  17.536846   147.670   147.050  3 54840.13337880 15.326
 76 104.688655  17.536037   147.567   147.465  3 54875.13338696 14.574
 77 104.686341  17.537962   134.208   134.212  4 54910.13338470 45.911
 78 104.688769  17.537384   147.641   148.771  3 54945.13337866 12.311
 79 104.688148  17.537868   146.331   145.963  3 54980.13340550 22.782
 80 104.688884  17.537187   146.686   146.784  4 55015.13340878 29.745
 81 104.689889  17.536128   142.780   141.906  4 55050.13340257 38.110
 82 104.687730  17.538847   140.254   140.223  3 55085.13336925 37.939
 83 104.691582  17.536665   137.922   137.887  3 55120.13333580 46.760
 84 104.687781  17.538712   135.341   135.318  3 55155.13332905 36.320
 85 104.689609  17.536675   134.786   134.769  4 55190.13332484 47.192
 86 104.687987  17.537076   134.666   134.660  4 55225.13332956 48.702
 87 104.690198  17.537267   133.564   133.646  3 55260.13332070 44.865
 88 104.688167  17.537802   133.821   133.795  3 55295.13331470 36.134
 89 104.687490  17.537955   134.262   134.279  3 55330.13330186 37.682
 90 104.688575  17.536046   147.035   146.692  3 55365.13329640 18.453
 91 104.690159  17.536850   146.642   146.206  3 55400.13330732 30.473
 92 104.690772  17.536774   146.493   146.478  3 55435.13331254 25.192
 93 104.688182  17.537566   141.659   141.706  4 55470.13326663 49.497
