# NaN NaN NaN ;Mean Elev.(m), Avg Gradient(m/km), RMS Gradient(m/km) - SRTM1     
#  129.304  -2.738  27.822 ;Mean Elev.(m), Avg Gradient(m/km), RMS Gradient(m/km) - ASTER GDEM
#  141.145  -2.363  28.223 ;Mean Elev.(m), Avg Gradient(m/km), RMS Gradient(m/km) - GMTED2010 
  7   145.932 52444.13535410 39.62 104.102075  18.141094 20.301
  7   145.910 52444.13535474 42.82 104.101295  18.137794 20.301
  7   146.041 52444.13535539 43.98 104.100525  18.134494 20.301
  7   145.989 52444.13535603 43.85 104.099745  18.131194 20.301
  7   145.689 52444.13535668 39.95 104.098965  18.127894 20.301
  7   145.854 52444.13535732 36.82 104.098185  18.124594 20.301
  8   150.133 52479.13534935 30.38 104.104969  18.131880 23.744
  8   150.124 52479.13534999 25.51 104.104189  18.128580 23.744
  8   150.205 52479.13535064 24.68 104.103409  18.125280 23.744
  8   150.881 52479.13535128 24.92 104.102629  18.121980 23.744
  8   150.933 52479.13535193 27.95 104.101849  18.118680 23.744
  9   149.578 52514.13529804 29.52 104.111672  18.114856 35.768
  9   149.549 52514.13529868 25.52 104.110892  18.111556 35.768
  9   149.388 52514.13529933 26.01 104.110112  18.108256 35.768
  9   149.953 52514.13529997 28.89 104.109332  18.104956 35.768
 10   146.034 52549.13534009 38.92 104.107474  18.127424 16.817
 10   146.112 52549.13534074 40.34 104.106694  18.124124 16.817
 10   146.195 52549.13534138 41.46 104.105914  18.120824 16.817
 10   146.265 52549.13534203 43.30 104.105134  18.117524 16.817
 10   146.095 52549.13534267 43.14 104.104354  18.114224 16.817
 10   146.124 52549.13534332 39.46 104.103574  18.110924 16.817
 11   143.997 52584.13533226 41.13 104.111254  18.115564 14.510
 11   144.172 52584.13533291 44.95 104.110474  18.112264 14.510
 11   144.039 52584.13533355 43.18 104.109694  18.108964 14.510
 11   144.087 52584.13533419 42.96 104.108914  18.105664 14.510
 12   142.640 52619.13530651 34.53 104.105280  18.132102 15.408
 12   142.564 52619.13530715 35.19 104.104510  18.128802 15.408
 12   142.660 52619.13530779 41.90 104.103730  18.125502 15.408
 12   142.622 52619.13530844 41.82 104.102950  18.122202 15.408
 12   142.590 52619.13530908 40.51 104.102170  18.118902 15.408
 12   142.638 52619.13530973 38.26 104.101390  18.115602 15.408
 13   143.050 52654.13529258 47.66 104.113418  18.109334 21.697
 13   142.871 52654.13529323 42.51 104.112638  18.106034 21.697
 13   142.775 52654.13529387 46.29 104.111858  18.102734 21.697
 14   141.594 52689.13528590 45.83 104.107689  18.127046  8.992
 14   141.725 52689.13528655 45.41 104.106917  18.123741 25.386
 14   141.554 52689.13528719 44.77 104.106137  18.120441 25.386
 14   141.227 52689.13528783 48.21 104.105357  18.117141 25.386
 14   141.380 52689.13528848 48.14 104.104577  18.113841 25.386
 14   141.386 52689.13528912 39.72 104.103797  18.110541 25.386
 15   140.904 52724.13533189 53.11 104.108688  18.122457 16.593
 15   140.859 52724.13533254 50.94 104.107908  18.119157 16.593
 15   140.813 52724.13533318 45.59 104.107128  18.115857 16.593
 15   140.680 52724.13533383 43.98 104.106348  18.112557 16.593
 15   140.665 52724.13533447 40.69 104.105568  18.109257 16.593
 16   145.913 52759.13534779 20.75 104.099872  18.143629 12.621
 16   146.387 52759.13534844 20.45 104.099092  18.140329 12.621
 16   140.735 52759.13534908 26.76 104.098312  18.137029 12.621
 16   140.851 52759.13534973 32.77 104.097532  18.133729 12.621
 16   140.832 52759.13535037 31.87 104.096752  18.130429 12.621
 17   142.333 52794.13530723 43.59 104.111676  18.113997 16.387
 17   142.074 52794.13530787 44.70 104.110906  18.110697 16.387
 17   142.255 52794.13530852 42.66 104.110126  18.107397 16.387
 17   142.189 52794.13530916 42.86 104.109343  18.104094 19.279
 18   151.697 52829.13537479 37.95 104.113103  18.112644 12.002
 18   144.729 52829.13537543 40.87 104.112323  18.109344 12.002
 18   144.658 52829.13537608 38.95 104.111543  18.106044 12.002
 18   144.646 52829.13537672 38.97 104.110760  18.102741 20.403
 19   145.941 52864.13541955 41.40 104.114052  18.112110 18.329
 19   145.705 52864.13542019 41.82 104.113272  18.108810 18.329
 19   145.787 52864.13542084 33.62 104.112492  18.105510 18.329
 19   145.911 52864.13542148 33.63 104.111712  18.102207 17.636
 20   149.882 52899.13544573 35.36 104.107205  18.129447 20.921
 20   149.762 52899.13544638 27.27 104.106425  18.126147 20.921
 20   149.885 52899.13544702 22.76 104.105655  18.122847 20.921
 20   150.481 52899.13544767 21.36 104.104875  18.119547 20.921
 20   150.956 52899.13544831 22.39 104.104095  18.116247 20.921
 20   149.956 52899.13544896 32.91 104.103315  18.112947 20.921
 21   144.101 52934.13538989 49.77 104.105130  18.130419 21.401
 21   143.597 52934.13539054 52.08 104.104350  18.127119 21.401
 21   143.415 52934.13539118 49.28 104.103580  18.123819 21.401
 21   143.360 52934.13539183 49.79 104.102800  18.120519 21.401
 21   143.216 52934.13539247 49.88 104.102020  18.117219 21.401
 22   141.587 52969.13540490 48.44 104.109201  18.121611 14.831
 22   141.425 52969.13540555 51.14 104.108421  18.118311 14.831
 22   141.553 52969.13540619 50.12 104.107639  18.115009 21.330
 22   141.469 52969.13540684 43.57 104.106859  18.111709 21.330
 22   141.308 52969.13540748 42.41 104.106079  18.108409 21.330
 23   140.998 53004.13542250 51.55 104.103745  18.133819 19.696
 23   141.104 53004.13542315 47.10 104.102965  18.130519 19.696
 23   140.687 53004.13542379 35.88 104.102185  18.127219 19.696
 23   140.508 53004.13542444 44.86 104.101415  18.123919 19.696
 23   140.829 53004.13542508 50.26 104.100635  18.120619 19.696
 24   145.871 53039.13537191 17.10 104.103981  18.132611  6.126
 24   145.053 53039.13537255 18.49 104.103201  18.129311  6.126
 24   147.235 53039.13537319 16.60 104.102431  18.126011  6.126
 24   148.717 53039.13537384 16.10 104.101651  18.122711  6.126
 24   148.269 53039.13537448 18.36 104.100871  18.119411  6.126
 25   140.404 53074.13540235 51.19 104.106409  18.129535 13.344
 25   140.494 53074.13540299 52.42 104.105629  18.126235 13.344
 25   140.091 53074.13540364 38.45 104.104849  18.122935 13.344
 25   139.880 53074.13540428 38.30 104.104069  18.119635 13.344
 25   140.086 53074.13540492 44.67 104.103289  18.116335 13.344
 25   139.990 53074.13540557 44.78 104.102513  18.113032 24.376
 26   145.805 53109.13537137 21.27 104.104557  18.134977 11.682
 26   140.401 53109.13537201 25.73 104.103777  18.131677 11.682
 26   140.302 53109.13537266 24.70 104.102997  18.128377 11.682
 26   140.169 53109.13537330 25.16 104.102227  18.125077 11.682
 26   140.071 53109.13537395 32.59 104.101447  18.121777 11.682
 26   140.207 53109.13537459 39.94 104.100667  18.118477 11.682
 27   141.662 53144.13541320 49.11 104.107882  18.125497 15.856
 27   141.655 53144.13541384 50.52 104.107102  18.122197 15.856
 27   141.601 53144.13541449 47.31 104.106322  18.118897 15.856
 27   141.449 53144.13541513 43.86 104.105542  18.115597 15.856
 27   141.498 53144.13541578 44.21 104.104762  18.112293 23.710
 28   150.802 53179.13543102 23.72 104.110007  18.119206 15.006
 28   150.509 53179.13543167 24.37 104.109227  18.115906 15.006
 28   151.030 53179.13543231 22.79 104.108447  18.112606 15.006
 28   151.080 53179.13543296 25.69 104.107667  18.109306 15.006
 28   150.328 53179.13543360 33.45 104.106887  18.106006 15.006
 30   149.871 53249.13542085 32.52 104.107526  18.125663 18.905
 30   149.938 53249.13542149 27.65 104.106756  18.122363 18.905
 30   149.827 53249.13542214 26.06 104.105976  18.119063 18.905
 30   150.133 53249.13542278 26.65 104.105196  18.115763 18.905
 30   151.122 53249.13542343 27.42 104.104416  18.112463 18.905
 31   148.712 53284.13541511 26.34 104.106260  18.127148 12.832
 31   148.483 53284.13541576 25.88 104.105490  18.123848 12.832
 31   146.620 53284.13541640 25.30 104.104710  18.120548 12.832
 31   149.335 53284.13541704 23.96 104.103930  18.117248 12.832
 31   149.314 53284.13541769 26.51 104.103146  18.113946 25.447
 33   141.646 53354.13537530 35.46 104.111127  18.118362 14.289
 33   141.504 53354.13537594 34.84 104.110347  18.115062 14.289
 33   141.314 53354.13537658 34.51 104.109567  18.111762 14.289
 33   141.482 53354.13537723 40.29 104.108787  18.108462 14.289
 33   141.403 53354.13537787 41.09 104.108007  18.105162 14.289
 34   141.073 53389.13537578 49.80 104.109337  18.124474 15.393
 34   141.668 53389.13537642 52.29 104.108557  18.121174 15.393
 34   140.985 53389.13537707 50.97 104.107787  18.117874 15.393
 34   140.886 53389.13537771 42.30 104.107007  18.114574 15.393
 34   140.811 53389.13537835 53.49 104.106223  18.111271 25.644
 34   140.887 53389.13537900 49.99 104.105443  18.107971 25.644
 35   140.431 53424.13537654 50.21 104.111892  18.115233 13.356
 35   140.408 53424.13537719 53.23 104.111112  18.111933 13.356
 35   140.305 53424.13537783 51.12 104.110337  18.108630 20.998
 35   140.142 53424.13537848 52.23 104.109557  18.105330 20.998
 36   140.412 53459.13538231 25.91 104.112476  18.110851 14.275
 36   140.313 53459.13538295 23.57 104.111692  18.107548 24.043
 36   140.364 53459.13538360 20.86 104.110912  18.104248 24.043
 37   141.163 53494.13546309 49.88 104.103933  18.134542 17.517
 37   141.374 53494.13546373 50.43 104.103153  18.131242 17.517
 37   141.020 53494.13546438 37.40 104.102373  18.127942 17.517
 37   140.853 53494.13546502 36.68 104.101603  18.124642 17.517
 37   140.920 53494.13546567 44.61 104.100823  18.121342 17.517
 38   150.719 53529.13544313 31.24 104.111452  18.113006 13.661
 38   151.075 53529.13544378 28.73 104.110672  18.109706 13.661
 38   151.198 53529.13544442 30.52 104.109892  18.106406 13.661
 39   145.470 53564.13547006 47.75 104.103578  18.134061 22.417
 39   145.495 53564.13547070 48.01 104.102798  18.130761 22.417
 39   145.587 53564.13547135 44.19 104.102018  18.127461 22.417
 39   145.386 53564.13547199 40.58 104.101238  18.124161 22.417
 39   145.505 53564.13547263 38.34 104.100468  18.120861 22.417
 40   151.976 53599.13541372 26.25 104.109565  18.120499 29.192
 40   151.252 53599.13541436 24.05 104.108785  18.117199 29.192
 40   150.916 53599.13541501 23.85 104.108005  18.113899 29.192
 40   151.314 53599.13541565 24.88 104.107225  18.110599 29.192
 40   151.217 53599.13541630 31.56 104.106445  18.107299 29.192
 41   149.756 53634.13540880 43.17 104.106886  18.126795 28.371
 41   149.734 53634.13540944 45.64 104.106106  18.123495 28.371
 41   149.613 53634.13541008 48.84 104.105326  18.120195 28.371
 41   149.656 53634.13541073 44.53 104.104546  18.116895 28.371
 41   149.541 53634.13541137 40.00 104.103766  18.113595 28.371
 42   144.111 53669.13542957 43.49 104.105631  18.133031 19.648
 42   144.221 53669.13543021 43.73 104.104851  18.129731 19.648
 42   144.072 53669.13543086 49.27 104.104071  18.126431 19.648
 42   144.112 53669.13543150 50.72 104.103301  18.123131 19.648
 42   144.008 53669.13543215 51.04 104.102521  18.119831 19.648
 42   143.769 53669.13543279 47.77 104.101741  18.116531 19.648
 43   142.141 53704.13537224 32.97 104.111416  18.116126 12.196
 43   142.164 53704.13537288 36.98 104.110636  18.112826 12.196
 43   142.206 53704.13537352 43.74 104.109856  18.109526 12.196
 43   142.103 53704.13537417 41.49 104.109076  18.106226 12.196
 44   141.197 53739.13528067 47.97 104.110073  18.119896 25.201
 44   141.066 53739.13528132 50.69 104.109293  18.116596 25.201
 44   141.035 53739.13528196 41.90 104.108513  18.113296 25.201
 44   141.072 53739.13528261 48.69 104.107733  18.109996 25.201
 44   141.135 53739.13528325 45.84 104.106953  18.106696 25.201
 45   140.758 53774.13529986 48.07 104.112569  18.113602 19.698
 45   140.666 53774.13530051 48.72 104.111789  18.110302 19.698
 45   140.568 53774.13530115 49.18 104.111019  18.107002 19.698
 45   140.620 53774.13530180 44.69 104.110239  18.103702 19.698
 46   140.780 53809.13528300 42.25 104.109312  18.121537 20.821
 46   141.045 53809.13528364 48.10 104.108532  18.118237 20.821
 46   141.246 53809.13528429 39.95 104.107752  18.114937 20.821
 46   140.605 53809.13528493 46.04 104.106972  18.111637 20.821
 46   140.615 53809.13528558 46.40 104.106202  18.108337 20.821
 48   150.502 53879.13535398 29.50 104.111355  18.117143 13.475
 48   150.770 53879.13535463 26.69 104.110575  18.113843 13.475
 48   151.043 53879.13535527 23.42 104.109795  18.110543 13.475
 48   150.661 53879.13535592 26.04 104.109015  18.107243 13.475
 49   150.186 53914.13540604 19.94 104.104107  18.133206 14.262
 49   149.844 53914.13540668 20.28 104.103327  18.129906 14.262
 49   143.433 53914.13540733 32.04 104.102547  18.126606 14.262
 49   143.345 53914.13540797 38.47 104.101767  18.123306 14.262
 49   150.817 53914.13540861 26.30 104.100987  18.120006 14.262
 50   149.853 53949.13541652 31.99 104.102869  18.139970 18.745
 50   149.624 53949.13541716 27.05 104.102089  18.136670 18.745
 50   150.039 53949.13541781 25.72 104.101309  18.133370 18.745
 50   149.400 53949.13541845 25.69 104.100529  18.130070 18.745
 50   151.216 53949.13541910 24.51 104.099749  18.126770 18.745
 50   151.487 53949.13541974 25.94 104.098969  18.123470 18.745
 51   149.048 53984.13535861 26.68 104.106944  18.125566 21.405
 51   149.698 53984.13535925 21.13 104.106164  18.122266 21.405
 51   150.583 53984.13535989 19.14 104.105384  18.118966 21.405
 51   150.705 53984.13536054 22.75 104.104604  18.115666 21.405
 51   149.341 53984.13536118 28.89 104.103824  18.112366 21.405
 52   147.028 54019.13539276 44.21 104.110656  18.119946 19.856
 52   146.967 54019.13539341 47.88 104.109876  18.116646 19.856
 52   147.020 54019.13539405 48.47 104.109096  18.113346 19.856
 52   147.105 54019.13539469 47.75 104.108316  18.110046 19.856
 52   146.966 54019.13539534 44.08 104.107546  18.106746 19.856
 53   142.417 54054.13538599 44.41 104.114461  18.107709 22.810
 53   142.286 54054.13538663 47.56 104.113691  18.104409 22.810
 53   142.273 54054.13538727 51.02 104.112911  18.101109 22.810
 54   141.208 54089.13537433 45.34 104.109219  18.124431 20.098
 54   141.171 54089.13537497 40.96 104.108439  18.121131 20.098
 54   140.873 54089.13537562 39.51 104.107659  18.117831 20.098
 54   140.851 54089.13537626 35.74 104.106879  18.114531 20.098
 54   140.891 54089.13537691 34.24 104.106109  18.111231 20.098
 54   140.971 54089.13537755 35.56 104.105329  18.107931 20.098
 55   140.557 54124.13529842 53.15 104.110554  18.117165 19.365
 55   140.539 54124.13529906 51.48 104.109774  18.113865 19.365
 55   140.357 54124.13529971 46.08 104.108994  18.110565 19.365
 55   140.432 54124.13530035 47.25 104.108214  18.107265 19.365
 56   140.675 54159.13533916 26.61 104.108521  18.126608 18.741
 56   140.384 54159.13533980 25.59 104.107741  18.123308 18.741
 56   140.282 54159.13534045 20.62 104.106961  18.120008 18.741
 56   147.396 54159.13534109 21.53 104.106181  18.116708 18.741
 56   148.252 54159.13534174 22.30 104.105401  18.113408 18.741
 56   140.349 54159.13534238 28.12 104.104621  18.110108 18.741
 57   141.171 54194.13530077 20.76 104.110225  18.120741  9.431
 57   140.010 54194.13530141 22.25 104.109445  18.117441  9.431
 57   139.992 54194.13530206 27.03 104.108675  18.114141  9.431
 57   139.945 54194.13530270 22.78 104.107895  18.110841  9.431
 57   148.922 54194.13530335 23.19 104.107115  18.107541  9.431
 58   140.815 54229.13535144 49.99 104.108942  18.123217 20.746
 58   140.929 54229.13535209 52.26 104.108162  18.119917 20.746
 58   141.327 54229.13535273 41.85 104.107382  18.116617 20.746
 58   140.717 54229.13535338 48.72 104.106602  18.113317 20.746
 58   140.757 54229.13535402 51.30 104.105822  18.110017 20.746
 59   141.530 54264.13537023 49.50 104.109168  18.121309 22.131
 59   141.553 54264.13537087 49.12 104.108388  18.118009 22.131
 59   141.380 54264.13537152 42.37 104.107608  18.114709 22.131
 59   141.442 54264.13537216 50.23 104.106828  18.111409 22.131
 59   141.209 54264.13537281 47.30 104.106048  18.108109 22.131
 60   144.073 54299.13537409 52.10 104.109680  18.120503 28.245
 60   144.012 54299.13537473 52.57 104.108900  18.117203 28.245
 60   143.873 54299.13537538 53.74 104.108120  18.113903 28.245
 60   143.991 54299.13537602 51.27 104.107340  18.110603 28.245
 60   143.836 54299.13537667 49.74 104.106560  18.107303 28.245
 61   147.496 54334.13536424 35.36 104.108758  18.122434 22.131
 61   151.542 54334.13536488 24.19 104.107978  18.119134 22.131
 61   150.559 54334.13536553 25.61 104.107198  18.115834 22.131
 61   151.348 54334.13536617 24.51 104.106418  18.112534 22.131
 61   151.585 54334.13536682 28.84 104.105648  18.109234 22.131
 63   144.908 54404.13530779 41.55 104.108685  18.124850 24.367
 63   144.947 54404.13530843 44.92 104.107905  18.121550 24.367
 63   144.871 54404.13530907 46.87 104.107125  18.118250 24.367
 63   144.746 54404.13530972 45.80 104.106345  18.114950 24.367
 63   144.846 54404.13531036 45.66 104.105565  18.111650 24.367
 63   144.753 54404.13531101 38.86 104.104785  18.108350 24.367
 64   141.742 54439.13526563 50.10 104.110227  18.120425 27.098
 64   141.762 54439.13526627 51.39 104.109447  18.117125 27.098
 64   141.649 54439.13526692 53.67 104.108667  18.113825 27.098
 64   141.525 54439.13526756 53.73 104.107887  18.110525 27.098
 64   141.538 54439.13526821 47.98 104.107107  18.107225 27.098
 65   140.769 54474.13529508 50.16 104.110375  18.119520 24.558
 65   140.806 54474.13529573 51.70 104.109595  18.116220 24.558
 65   140.690 54474.13529637 45.46 104.108815  18.112920 24.558
 65   140.484 54474.13529702 52.53 104.108035  18.109620 24.558
 65   140.581 54474.13529766 49.64 104.107255  18.106320 24.558
 66   140.624 54509.13527841 48.38 104.110050  18.118659 14.162
 66   140.642 54509.13527906 46.20 104.109270  18.115359 14.162
 66   140.699 54509.13527970 42.69 104.108486  18.112057 22.051
 66   140.728 54509.13528035 50.20 104.107706  18.108757 22.051
 67   140.650 54544.13530874 42.94 104.109302  18.122632 19.007
 67   140.542 54544.13530939 45.97 104.108522  18.119332 19.007
 67   140.400 54544.13531003 43.45 104.107742  18.116032 19.007
 67   140.330 54544.13531068 39.42 104.106972  18.112732 19.007
 67   140.471 54544.13531132 40.17 104.106192  18.109432 19.007
 68   140.485 54579.13527701 48.55 104.109973  18.122699 18.168
 68   141.014 54579.13527766 51.71 104.109193  18.119399 18.168
 68   140.410 54579.13527830 49.81 104.108413  18.116099 18.168
 68   140.319 54579.13527895 41.82 104.107633  18.112799 18.168
 68   140.345 54579.13527959 44.14 104.106863  18.109499 18.168
 69   142.365 54614.13529863 44.59 104.109876  18.123403 20.852
 69   142.414 54614.13529928 49.55 104.109096  18.120103 20.852
 69   142.423 54614.13529992 50.38 104.108316  18.116803 20.852
 69   142.300 54614.13530057 47.78 104.107546  18.113503 20.852
 69   142.362 54614.13530121 49.32 104.106766  18.110203 20.852
 69   142.281 54614.13530186 43.20 104.105986  18.106903 20.852
 70   149.646 54649.13530776 25.27 104.108466  18.124413 15.791
 70   149.152 54649.13530840 27.30 104.107686  18.121113 15.791
 70   145.589 54649.13530905 29.44 104.106906  18.117813 15.791
 70   150.897 54649.13530969 24.18 104.106126  18.114513 15.791
 70   151.882 54649.13531034 24.95 104.105347  18.111211 24.870
 71   150.755 54684.13530488 30.76 104.108410  18.125222 21.395
 71   151.035 54684.13530552 29.21 104.107630  18.121922 21.395
 71   151.130 54684.13530617 28.23 104.106850  18.118622 21.395
 71   150.534 54684.13530681 27.96 104.106080  18.115322 21.395
 71   151.640 54684.13530746 26.53 104.105300  18.112022 21.395
 71   151.592 54684.13530810 32.44 104.104520  18.108722 21.395
 72   149.556 54719.13525286 43.98 104.111353  18.118940 23.880
 72   149.549 54719.13525351 48.11 104.110573  18.115640 23.880
 72   149.559 54719.13525415 49.53 104.109793  18.112340 23.880
 72   149.526 54719.13525480 48.83 104.109013  18.109040 23.880
 72   149.507 54719.13525544 45.96 104.108243  18.105740 23.880
 73   145.796 54754.13527913 39.52 104.108937  18.123892 15.751
 73   145.741 54754.13527978 41.82 104.108157  18.120592 15.751
 73   145.779 54754.13528042 37.95 104.107387  18.117292 15.751
 73   145.787 54754.13528107 43.33 104.106607  18.113992 15.751
 73   145.722 54754.13528171 45.29 104.105827  18.110692 15.751
 74   143.974 54789.13524600 43.95 104.109971  18.123301 15.071
 74   143.863 54789.13524665 52.19 104.109191  18.120001 15.071
 74   143.888 54789.13524729 52.43 104.108411  18.116701 15.071
 74   143.879 54789.13524794 46.38 104.107627  18.113398 25.834
 74   143.778 54789.13524858 52.58 104.106847  18.110098 25.834
 74   143.851 54789.13524923 47.79 104.106067  18.106798 25.834
 75   141.678 54824.13527430 46.59 104.109977  18.122208 17.790
 75   141.540 54824.13527495 44.05 104.109197  18.118908 17.790
 75   141.521 54824.13527559 49.06 104.108417  18.115608 17.790
 75   141.576 54824.13527624 45.59 104.107647  18.112308 17.790
 75   141.453 54824.13527688 47.34 104.106867  18.109008 17.790
 76   141.034 54859.13524015 50.88 104.110754  18.116380 17.287
 76   140.975 54859.13524079 50.29 104.109974  18.113080 17.287
 76   140.768 54859.13524144 48.58 104.109194  18.109780 17.287
 76   140.882 54859.13524208 49.71 104.108424  18.106480 17.287
 77   144.920 54894.13527553 26.36 104.107866  18.127990 12.683
 77   140.459 54894.13527617 31.80 104.107086  18.124690 12.683
 77   140.390 54894.13527681 35.71 104.106306  18.121390 12.683
 77   140.417 54894.13527746 33.15 104.105536  18.118090 12.683
 77   140.512 54894.13527810 47.01 104.104756  18.114790 12.683
 77   140.378 54894.13527875 48.81 104.103976  18.111490 12.683
 78   140.583 54929.13523823 43.28 104.109103  18.123865 16.082
 78   140.533 54929.13523887 46.74 104.108323  18.120565 16.082
 78   140.418 54929.13523952 48.51 104.107553  18.117265 16.082
 78   140.235 54929.13524016 42.53 104.106773  18.113965 16.082
 78   140.439 54929.13524081 47.52 104.105993  18.110665 16.082
 79   141.127 54964.13527569 51.83 104.108252  18.122745 16.980
 79   141.036 54964.13527634 50.36 104.107472  18.119445 16.980
 79   141.015 54964.13527698 41.45 104.106692  18.116145 16.980
 79   140.965 54964.13527763 45.97 104.105922  18.112845 16.980
 79   140.945 54964.13527827 42.32 104.105142  18.109545 16.980
 80   143.908 54999.13529540 41.45 104.107402  18.129263 19.972
 80   143.958 54999.13529604 38.54 104.106622  18.125963 19.972
 80   143.894 54999.13529669 39.08 104.105842  18.122663 19.972
 80   144.804 54999.13529733 32.41 104.105062  18.119363 19.972
 80   143.667 54999.13529797 31.97 104.104292  18.116063 19.972
 80   150.697 54999.13529862 29.98 104.103512  18.112763 19.972
 81   148.463 55034.13528340 39.46 104.109658  18.124124 21.376
 81   148.341 55034.13528404 40.96 104.108878  18.120824 21.376
 81   148.350 55034.13528469 43.95 104.108098  18.117524 21.376
 81   148.433 55034.13528533 46.99 104.107318  18.114224 21.376
 81   148.394 55034.13528598 46.44 104.106538  18.110924 21.376
 81   148.284 55034.13528662 45.24 104.105758  18.107624 21.376
 82   147.084 55069.13527253 44.95 104.108325  18.124082 20.565
 82   147.045 55069.13527317 47.14 104.107545  18.120782 20.565
 82   147.079 55069.13527382 48.02 104.106775  18.117482 20.565
 82   146.965 55069.13527446 51.50 104.105995  18.114182 20.565
 82   147.025 55069.13527511 46.08 104.105215  18.110882 20.565
 83   149.588 55104.13521307 25.05 104.109025  18.122845 12.828
 83   150.180 55104.13521372 20.03 104.108255  18.119545 12.828
 83   151.335 55104.13521436 19.11 104.107475  18.116245 12.828
 83   150.901 55104.13521501 20.96 104.106695  18.112945 12.828
 83   151.773 55104.13521565 22.25 104.105912  18.109644 20.065
 84   142.023 55139.13522049 51.08 104.108923  18.123633 22.101
 84   142.021 55139.13522114 51.99 104.108153  18.120333 22.101
 84   142.019 55139.13522178 43.31 104.107373  18.117033 22.101
 84   142.013 55139.13522242 49.82 104.106593  18.113733 22.101
 84   142.103 55139.13522307 52.32 104.105813  18.110433 22.101
 85   141.039 55174.13518110 46.90 104.110923  18.120034 15.296
 85   141.225 55174.13518174 52.61 104.110143  18.116734 15.296
 85   141.040 55174.13518239 50.73 104.109363  18.113434 15.296
 85   140.992 55174.13518303 46.53 104.108583  18.110134 15.296
 85   141.047 55174.13518368 46.59 104.107813  18.106834 15.296
 86   140.206 55209.13521572 55.93 104.108887  18.121765 20.038
 86   140.406 55209.13521636 50.90 104.108107  18.118465 20.038
 86   140.208 55209.13521701 42.76 104.107337  18.115165 20.038
 86   140.232 55209.13521765 49.90 104.106557  18.111865 20.038
 86   140.275 55209.13521830 44.66 104.105777  18.108565 20.038
 87   146.639 55244.13518684 15.79 104.109365  18.122792 11.514
 87   147.689 55244.13518748 15.19 104.108595  18.119492 11.514
 87   140.016 55244.13518813 21.52 104.107815  18.116192 11.514
 87   147.821 55244.13518877 22.43 104.107035  18.112892 11.514
 87   147.972 55244.13518942 22.32 104.106253  18.109591 24.784
 88   145.103 55279.13520858 17.17 104.107938  18.125076  9.902
 88   146.329 55279.13520923 14.69 104.107158  18.121776  9.902
 88   148.189 55279.13520987 14.50 104.106378  18.118476  9.902
 88   147.812 55279.13521052 21.42 104.105608  18.115176  9.902
 88   149.397 55279.13521116 19.45 104.104828  18.111876  9.902
 89   140.403 55314.13517277 42.04 104.108743  18.122435 16.353
 89   140.473 55314.13517342 43.55 104.107973  18.119135 16.353
 89   140.314 55314.13517406 37.02 104.107193  18.115835 16.353
 89   140.087 55314.13517471 48.04 104.106413  18.112535 16.353
 89   140.204 55314.13517535 51.69 104.105633  18.109235 16.353
 90   149.826 55349.13518015 20.07 104.108437  18.122448 15.496
 90   150.652 55349.13518080 19.41 104.107657  18.119148 15.496
 90   150.651 55349.13518144 22.24 104.106887  18.115848 15.496
 90   150.101 55349.13518209 24.49 104.106107  18.112548 15.496
 90   149.995 55349.13518273 26.76 104.105327  18.109248 15.496
 91   143.042 55384.13517232 40.36 104.109046  18.122110 16.774
 91   143.226 55384.13517297 42.64 104.108266  18.118810 16.774
 91   143.077 55384.13517361 38.49 104.107486  18.115510 16.774
 91   143.083 55384.13517426 45.44 104.106704  18.112207 23.805
 91   143.052 55384.13517490 45.12 104.105924  18.108907 23.805
 92   151.901 55419.13519893 28.82 104.109403  18.120558 17.357
 92   150.917 55419.13519957 27.77 104.108623  18.117258 17.357
 92   147.760 55419.13520022 35.75 104.107843  18.113958 17.357
 92   151.669 55419.13520086 25.19 104.107073  18.110658 17.357
 92   151.687 55419.13520151 30.81 104.106293  18.107358 17.357
 93   148.295 55454.13517731 42.59 104.108267  18.124321 19.920
 93   148.279 55454.13517795 46.66 104.107487  18.121021 19.920
 93   148.288 55454.13517860 48.68 104.106707  18.117721 19.920
 93   148.384 55454.13517924 45.24 104.105937  18.114421 19.920
 93   148.189 55454.13517989 46.95 104.105157  18.111121 19.920
 94   146.471 55489.13509732 41.43 104.108199  18.125634 18.544
 94   146.264 55489.13509796 45.31 104.107419  18.122334 18.544
 94   146.376 55489.13509861 46.90 104.106639  18.119034 18.544
 94   146.254 55489.13509925 46.37 104.105869  18.115734 18.544
 94   146.175 55489.13509990 46.36 104.105089  18.112434 18.544
 94   146.275 55489.13510054 41.27 104.104309  18.109134 18.544
