-213907.025   839.145     0.00   64.09
-213532.162   864.778    68.39   63.94
-213157.310   899.807    93.46   55.61
-212782.468   910.636    28.89   70.24
-212407.638   930.650    53.40   87.71
-212032.818   966.318    95.18  115.90
-211658.009  1023.145   151.63  127.34
-211281.481  1067.355   117.43  126.65
-210904.535  1100.980    89.22  130.46
-210527.599  1133.928    87.42  109.25
-210150.675  1152.105    48.23   88.10
-209773.761  1172.958    55.33   81.35
-209396.858  1154.562   -48.81  105.07
-209019.966  1145.566   -23.87  134.17
-208643.084  1098.562  -124.73  136.80
-208266.214  1113.343    39.22  131.39
-207889.354  1171.080   153.23  119.42
-207512.506  1231.280   159.77   90.49
-207135.668  1277.086   121.57   52.53
-206758.841  1294.305    45.70   51.80
-206382.024  1296.701     6.36   66.92
-206005.219  1307.430    28.48   78.31
-205628.424  1297.035   -27.59   90.63
-205251.641  1255.624  -109.92  102.36
-204874.868  1202.255  -141.67   89.29
-204498.105  1149.630  -139.70   85.05
-204121.354  1107.755  -111.16   76.64
-203744.614  1069.075  -102.69   69.90
-203367.884  1031.355  -100.14   68.78
-202991.165   982.733  -129.08   73.49
-202614.457   929.727  -140.73   82.24
-202237.760   855.030  -198.32   97.68
-201861.073   787.270  -179.91   93.79
-201484.398   734.599  -139.85   70.56
-201107.733   693.188  -109.95   44.55
-200731.079   689.906    -8.71   49.99
-200354.435   714.709    65.86   79.61
-199977.803   774.188   157.95  103.22
-199601.181   808.230    90.40   99.02
-199224.570   843.111    92.63   85.42
-198847.970   855.039    31.68   69.89
-198471.381   846.780   -21.93   56.44
-198094.802   830.130   -44.22   47.98
-197718.234   783.221  -124.59   70.07
-197341.677   703.974  -210.48  106.03
-196965.131   627.829  -202.24   97.87
-196588.595   606.280   -57.24   79.83
-196212.070   657.955   137.26  125.20
-195835.556   748.172   239.64  127.49
-195459.053   814.880   177.20   78.31
-195082.561   843.317    75.54   55.18
-194706.079   844.305     2.63   54.57
-194329.608   825.727   -49.35   48.51
-193953.147   812.580   -34.93   45.53
-193576.698   801.906   -28.36   48.59
-193200.259   801.105    -2.13   48.18
-192823.831   799.440    -4.42   48.32
-192447.414   792.960   -17.22   51.70
-192071.007   780.280   -33.69   47.12
-191694.611   740.855  -104.76   52.14
-191318.226   711.780   -77.26   58.01
-190941.852   680.196   -83.93   64.66
-190565.488   650.573   -78.72   58.94
-190189.135   629.331   -56.45   55.32
-189812.793   634.676    14.20   58.36
-189436.461   651.977    45.98   69.28
-189060.140   679.555    73.29   67.00
-188683.830   692.755    35.08   51.61
-188307.531   713.450    55.00   49.94
-187931.242   720.776    19.47   50.58
-187554.964   763.230   112.84   74.93
-187178.696   814.727   136.88   69.90
-186802.440   852.026    99.14   75.76
-186426.194   883.165    82.77   71.33
-186049.958   913.645    81.02   71.33
-185673.734   909.580   -10.80   74.64
-185297.520   899.805   -25.99   86.29
-184921.316   879.953   -52.78   94.78
-184545.124   853.245   -71.00   90.39
-184168.942   843.060   -27.08   66.65
-183792.771   846.111     8.11   54.11
-183416.610   891.908   121.76   78.91
-183040.460   927.455    94.51   84.85
-182664.321   933.455    15.95   78.98
-182288.192   907.905   -67.94  108.64
-181912.074   844.955  -167.39   90.74
-181535.967   802.092  -113.98   64.31
-181159.871   828.605    70.50   73.50
-180783.785   872.355   116.34   72.53
-180407.709   917.855   121.00   81.82
-180031.645   981.419   169.04  110.64
-179655.591  1069.265   233.63  112.29
-179279.547  1133.688   171.34   96.02
-178903.514  1182.932   130.97   71.77
-178527.492  1170.099   -34.13  107.12
-178151.481  1119.055  -135.77  127.55
-177775.480  1079.155  -106.13  107.16
-177399.489  1091.426    32.64   95.31
-177023.510  1140.513   130.57  125.18
-176647.541  1256.130   307.55  168.66
-176271.582  1414.060   420.12  165.24
-175895.635  1518.806   278.65  146.97
-175519.697  1618.660   265.64  106.37
-175143.771  1660.676   111.78   83.56
-174767.855  1678.530    47.50   75.76
-174391.950  1645.630   -87.53   84.37
-174016.055  1584.489  -162.67  109.83
-173640.171  1487.755  -257.38  152.79
-173264.297  1355.983  -350.61  179.20
-172888.434  1216.342  -371.56  178.93
-172512.582  1075.214  -375.53  175.52
-172136.740   935.255  -372.43  173.68
-171760.909   792.906  -378.80  161.99
-171385.088   654.755  -367.64  148.02
-171009.278   544.684  -292.92  130.25
-170633.478   465.299  -211.27   97.46
-170257.689   434.705   -81.42   93.65
-169881.911   459.214    65.23  123.90
-169506.143   524.980   175.04  160.47
-169130.386   579.392   144.82  167.97
-168754.639   648.118   182.93  157.89
-168378.903   638.165   -26.49  132.25
-168003.178   597.881  -107.23   88.11
-167627.463   558.123  -105.83   76.48
-167251.758   497.405  -161.63  103.99
-166876.065   414.880  -219.68  125.66
-166500.381   330.134  -225.60  104.63
-166124.708   290.460  -105.62   62.22
-165749.046   292.855     6.38   50.60
-165373.395   291.230    -4.33   66.50
-164997.753   254.196   -98.60  104.81
-164622.123   189.123  -173.26  106.16
-164246.503   168.778   -54.17  100.20
-163870.893   174.405    14.98  114.82
-163495.294   220.605   123.02  137.72
-163119.705   268.587   127.76  153.73
-162744.127   304.470    95.55  144.28
-162368.560   359.730   147.15  133.10
-161993.003   391.419    84.39  117.86
-161617.457   407.881    43.84  107.24
-161241.921   465.530   153.53  103.97
-160866.395   503.380   100.80  117.99
-160490.880   550.880   126.51  122.33
-160115.376   590.123   104.52  122.59
-159739.882   623.197    88.09  139.98
-159364.398   704.148   215.61  138.46
-158988.925   755.060   135.61  123.00
-158613.463   738.270   -44.72  137.92
-158238.011   629.855  -288.79  198.09
-157862.569   499.009  -348.55  186.29
-157487.138   405.665  -248.66  100.96
-157111.718   420.223    38.78  126.85
-156736.308   565.069   385.87  233.41
-156360.908   794.727   611.83  250.73
-155985.519   901.465   284.37  175.01
-155610.140   923.055    57.52  145.37
-155234.772   839.214  -223.38  183.44
-154859.415   720.465  -316.39  127.95
-154484.067   635.355  -226.77   93.65
-154108.731   575.806  -158.67   84.72
-153733.404   537.580  -101.86   70.65
-153358.088   525.419   -32.40   68.69
-152982.783   527.780     6.29   82.90
-152607.488   535.009    19.26   89.97
-152232.203   542.605    20.24   90.03
-151856.929   557.240    39.00   89.04
-151481.666   575.599    48.93   91.33
-151106.412   589.148    36.11   89.19
-150731.170   572.955   -43.16   99.15
-150355.937   526.455  -123.94  126.11
-149980.715   452.983  -195.83  122.29
-149605.504   365.904  -232.10  114.16
-149230.303   293.855  -192.05   87.34
-148855.112   266.650   -72.52   71.06
-148479.932   285.105    49.19   79.81
-148104.762   337.092   138.58  103.59
-147729.603   429.307   245.83  121.17
-147354.454   541.580   299.30  132.99
-146979.315   592.655   136.16  108.32
-146604.187   614.530    58.32  117.80
-146229.069   581.470   -88.14  146.30
-145853.962   507.046  -198.43  156.70
-145478.865   418.071  -237.23  116.28
-145103.778   360.060  -154.68   74.04
-144728.702   325.705   -91.60   63.73
-144353.636   303.580   -59.00   74.71
-143978.581   297.580   -16.00   83.94
-143603.536   303.355    15.40   86.65
-143228.501   298.676   -12.48   97.18
-142853.477   265.928   -87.33  109.36
-142478.463   244.330   -57.60  105.64
-142103.460   217.318   -72.04   89.89
-141728.466   209.005   -22.17   88.14
-141353.484   175.380   -89.68   77.78
-140978.511   139.408   -95.94   73.75
-140603.549   106.562   -87.60   62.56
-140228.598    87.733   -50.22   54.96
-139853.656    87.855     0.33   56.90
-139478.725    94.255    17.07   54.73
-139103.805    98.599    11.59   72.94
-138728.894   105.355    18.02   77.42
-138353.994   126.470    56.33   72.22
-137979.105   150.105    63.05   68.56
-137604.226   156.705    17.61   63.57
-137229.357   166.111    25.09   60.35
-136854.498   175.998    26.38   78.53
-136479.621   165.171   -28.88   98.41
-136102.705   141.430   -62.99   99.21
-135725.799   140.480    -2.52   81.27
-135348.904   144.611    10.96   64.91
-134972.019   119.730   -66.02   51.22
-134595.145   116.693    -8.06   57.31
-134218.281   114.009    -7.12   57.72
-133841.428   146.230    85.51   95.68
-133464.585   209.105   166.86  112.87
-133087.752   309.705   266.98  102.19
-132710.930   357.730   127.46   89.95
-132334.118   368.752    29.25   84.22
-131957.317   318.092  -134.46  118.48
-131580.526   216.280  -270.23  162.17
-131203.746   133.465  -219.82  128.90
-130826.976   101.255   -85.50   89.45
-130450.216   106.105    12.87   88.76
-130073.467   135.592    78.27   89.74
-129696.728   186.546   135.26   72.07
-129320.000   269.538   220.32  111.05
-128943.282   331.060   163.32  122.69
-128566.574   394.855   169.36  121.68
-128189.877   444.408   131.56  109.53
-127813.191   477.093    86.78  112.98
-127436.514   485.255    21.67  105.58
-127059.848   481.280   -10.55  105.52
-126683.193   446.733   -91.73  118.31
-126306.547   454.983    21.91  122.62
-125929.913   501.998   124.84  113.89
-125553.288   538.329    96.47   94.65
-125176.674   525.496   -34.08   85.74
-124800.070   524.230    -3.36   89.07
-124423.477   552.055    73.89   90.22
-124046.894   541.555   -27.88   98.78
-123670.322   518.125   -62.22  111.80
-123293.759   494.343   -63.16   88.45
-122917.208   491.130    -8.53   84.79
-122540.666   518.958    73.91   75.87
-122164.135   531.880    34.32   74.32
-121787.614   550.829    50.33   86.95
-121411.104   559.555    23.18   75.11
-121034.604   556.906    -7.04   71.49
-120658.114   540.005   -44.90   83.46
-120281.634   542.709     7.18   83.10
-119905.165   542.684    -0.06   97.28
-119528.707   565.123    59.61  110.95
-119152.258   582.804    46.97  122.16
-118775.820   584.230     3.79  127.89
-118399.392   587.099     7.62  111.84
-118022.975   620.240    88.05  100.16
-117646.568   705.514   226.56  136.15
-117270.171   805.408   265.42  131.40
-116893.785   893.165   233.17  129.70
-116517.409   975.983   220.06  108.22
-116141.043  1021.980   122.22  107.55
-115764.687  1052.165    80.21   97.96
-115388.342  1051.302    -2.29  125.26
-115012.007   979.538  -190.71  174.83
-114635.683   914.676  -172.37  175.77
-114259.368   815.026  -264.82  163.28
-113883.064   741.555  -195.26  149.48
-113506.771   705.419   -96.04  123.07
-113130.487   659.130  -123.03  104.95
-112754.214   634.305   -65.98   78.57
-112377.951   640.855    17.41   67.14
-112001.699   666.060    66.99   71.56
-111625.457   707.555   110.30   99.84
-111249.225   760.555   140.88  106.92
-110873.003   837.276   203.94  121.14
-110496.791   938.755   269.76  133.38
-110120.590  1044.035   279.87  141.99
-109744.399  1169.188   332.71  139.85
-109368.219  1228.831   158.56  113.51
-108992.048  1230.531     4.52  136.06
-108615.888  1127.831  -273.04  177.15
-108239.738  1011.932  -308.14  153.83
-107863.599   892.980  -316.27  110.22
-107487.470   827.880  -173.09   87.95
-107111.350   802.130   -68.47  104.71
-106735.242   762.284  -105.95  122.89
-106359.143   753.932   -22.21  131.46
-105983.055   750.343    -9.54  127.68
-105606.977   703.496  -124.57   89.67
-105230.909   678.880   -65.46   73.60
-104854.851   646.736   -85.48   70.02
-104478.804   611.013   -95.00   47.09
-104102.766   583.405   -73.42   57.12
-103726.739   551.035   -86.09   56.93
-103350.723   520.075   -82.34   52.81
-102974.716   500.196   -52.87   49.08
-102598.720   491.171   -24.01   48.02
-102222.734   501.317    26.99   56.17
-101846.758   514.330    34.61   64.14
-101470.792   516.111     4.74   63.21
-101094.837   522.752    17.67   64.06
-100718.892   532.230    25.21   60.63
-100342.957   552.547    54.05   81.63
 -99967.032   566.908    38.20  111.69
 -99591.117   573.155    16.62  107.16
 -99215.213   561.555   -30.86  114.29
 -98839.318   509.705  -137.95  100.72
 -98463.434   454.368  -147.23   88.76
 -98087.561   415.408  -103.66   70.34
 -97711.697   400.760   -38.97   52.29
 -97335.843   423.188    59.68   82.32
 -96960.000   460.636    99.64  102.50
 -96584.167   509.405   129.77   88.51
 -96208.344   547.955   102.58   89.45
 -95832.531   606.569   155.98  121.36
 -95456.728   710.539   276.68  160.36
 -95080.936   825.630   306.28  145.07
 -94705.154   900.035   198.01   89.99
 -94329.382   894.953   -13.52   84.40
 -93953.620   835.318  -158.71  114.28
 -93577.868   734.223  -269.06  127.61
 -93202.126   637.180  -258.29  125.65
 -92826.395   547.155  -239.61   94.33
 -92450.673   509.562  -100.06   77.59
 -92074.962   489.780   -52.66   77.89
 -91699.261   508.804    50.64  108.78
 -91323.570   529.804    55.90  111.37
 -90947.889   532.522     7.24   96.37
 -90572.218   514.455   -48.09   97.84
 -90196.558   485.650   -76.68   81.07
 -89820.907   451.805   -90.10   72.89
 -89445.267   435.265   -44.03   72.71
 -89069.637   406.855   -75.64   80.26
 -88694.017   363.538  -115.33   86.81
 -88318.407   321.086  -113.03   64.16
 -87942.807   306.080   -39.95   53.37
 -87567.218   327.880    58.05   79.92
 -87191.638   385.393   153.14  111.18
 -86816.069   454.093   182.93  139.82
 -86440.509   519.291   173.61  116.21
 -86064.960   544.555    67.28   89.87
 -85689.421   509.958   -92.13   94.15
 -85313.892   452.755  -152.33   97.16
 -84938.373   390.307  -166.31   78.63
 -84562.864   356.171   -90.91   56.68
 -84187.365   382.230    69.40   78.67
 -83811.876   442.180   159.67   96.72
 -83436.398   508.075   175.50   90.31
 -83060.929   592.130   223.88  113.56
 -82685.471   658.750   177.44  108.09
 -82310.022   711.035   139.27   98.41
 -81934.584   742.776    84.55  105.35
 -81559.156   744.905     5.67  102.92
 -81183.738   723.342   -57.44  108.38
 -80808.330   674.342  -130.53  114.93
 -80432.932   612.755  -164.07  100.58
 -80057.544   577.161   -94.83   86.36
 -79682.166   561.630   -41.38   88.59
 -79306.798   556.624   -13.34   85.72
 -78931.440   521.755   -92.90   97.52
 -78556.093   462.291  -158.43  104.79
 -78180.755   418.983  -115.39   87.97
 -77805.427   372.022  -125.13   75.98
 -77430.110   345.060   -71.84   63.46
 -77054.802   312.953   -85.55   74.07
 -76679.505   286.188   -71.32   72.87
 -76304.217   287.830     4.37   76.17
 -75928.940   287.450    -1.01   77.30
 -75553.672   299.276    31.51   81.97
 -75178.415   302.655     9.00   91.18
 -74803.168   298.214   -11.84   91.92
 -74427.930   270.782   -73.11   74.31
 -74052.703   247.196   -62.86   61.67
 -73677.486   237.723   -25.25   50.94
 -73302.279   234.240    -9.29   46.96
 -72927.081   243.092    23.59   50.58
 -72551.894   263.830    55.28   58.25
 -72176.717   278.881    40.12   64.87
 -71801.550   297.380    49.31   63.74
 -71426.392   306.196    23.50   54.09
 -71051.245   292.744   -35.86   55.95
 -70676.108   258.180   -92.14   47.28
 -70300.981   234.419   -63.34   33.43
 -69925.864   218.430   -42.63   31.89
 -69550.756   209.705   -23.26   28.30
 -69175.659   222.035    32.87   50.05
 -68800.572   266.474   118.48   85.09
 -68425.495   307.701   109.92   97.91
 -68050.427   348.953   109.99  102.88
 -67675.370   373.599    65.72  106.27
 -67300.323   327.489  -122.95  106.25
 -66925.285   285.379  -112.29  106.04
 -66550.258   241.701  -116.47   84.05
 -66175.240   206.977   -92.60   55.24
 -65800.233   203.958    -8.05   50.95
 -65425.235   211.392    19.83   59.60
 -65050.248   222.180    28.77   66.64
 -64675.270   213.906   -22.07   62.94
 -64300.303   206.455   -19.87   52.74
 -63925.345   207.547     2.91   38.21
 -63550.397   220.180    33.69   41.35
 -63175.459   233.419    35.31   50.62
 -62800.531   231.983    -3.83   47.46
 -62425.614   244.172    32.51   51.87
 -62050.706   266.750    60.22   57.16
 -61675.808   308.440   111.21   75.16
 -61300.454   379.624   189.65  101.94
 -60923.575   435.855   149.21  101.95
 -60546.706   441.684    15.47  102.30
 -60169.848   426.522   -40.24  115.55
 -59792.999   332.522  -249.45   98.57
 -59416.161   263.317  -183.65   73.90
 -59039.332   214.050  -130.74   63.20
 -58662.514   176.778   -98.92   35.77
 -58285.705   157.955   -49.96   16.08
 -57908.907   158.928     2.58   19.43
 -57532.119   178.302    51.42   49.61
 -57155.340   197.605    51.23   55.47
 -56778.572   231.368    89.61   65.23
 -56401.814   264.001    86.62   71.28
 -56025.065   285.318    56.58   61.81
 -55648.327   278.035   -19.33   67.48
 -55271.599   254.730   -61.86   71.07
 -54894.880   222.305   -86.08   29.56
 -54518.172   236.538    37.78   56.78
 -54141.474   267.655    82.61   78.00
 -53764.785   329.066   163.03  101.15
 -53388.107   387.460   155.03  101.71
 -53011.439   416.624    77.43   90.95
 -52634.780   412.655   -10.54   74.23
 -52258.132   391.705   -55.62   66.12
 -51881.494   408.055    43.41   88.73
 -51504.865   513.455   279.86  160.13
 -51128.247   632.585   316.32  169.23
 -50751.638   739.880   284.91  135.57
 -50375.040   754.562    38.99  102.19
 -49998.451   717.778   -97.68  101.94
 -49621.873   645.155  -192.86   99.68
 -49245.304   586.676  -155.30   75.65
 -48868.746   540.046  -123.84   83.83
 -48492.197   500.624  -104.69   63.12
 -48115.658   466.880   -89.62   48.97
 -47739.130   465.080    -4.78   54.03
 -47362.611   480.906    42.03   72.22
 -46986.102   532.307   136.52  117.87
 -46609.603   610.163   206.79  109.38
 -46233.114   625.855    41.68   90.18
 -45856.635   606.905   -50.34   88.16
 -45480.166   581.830   -66.61   85.76
 -45103.707   587.405    14.81   85.36
 -44727.258   623.355    95.50   92.71
 -44350.819   623.455     0.27   88.34
 -43974.389   574.393  -130.34  130.33
 -43597.970   488.265  -228.82  153.51
 -43221.560   363.255  -332.12  131.18
 -42845.161   281.701  -216.67   81.94
 -42468.771   244.650   -98.44   59.45
 -42092.391   208.291   -96.60   34.67
 -41716.021   191.155   -45.53   25.64
 -41339.662   192.928     4.71   27.03
 -40963.312   202.455    25.31   39.43
 -40586.971   257.855   147.21   86.09
 -40210.641   347.342   237.79  126.72
 -39834.321   466.205   315.86  160.87
 -39458.011   582.684   309.54  147.08
 -39081.710   671.727   236.63  119.77
 -38705.419   694.655    60.93  100.62
 -38329.139   676.171   -49.12  102.59
 -37952.868   630.569  -121.20   93.36
 -37576.607   571.265  -157.62   86.35
 -37200.356   533.480  -100.43   82.98
 -36824.115   472.230  -162.80   90.00
 -36447.883   422.881  -131.17   78.69
 -36071.662   410.050   -34.10   67.56
 -35695.450   397.086   -34.46   70.90
 -35319.249   401.831    12.61   72.84
 -34943.057   378.137   -62.98   67.34
 -34566.875   353.137   -66.46   59.92
 -34190.703   352.180    -2.54   60.65
 -33814.540   351.804    -1.00   70.78
 -33438.388   348.958    -7.57   62.52
 -33062.245   336.368   -33.47   68.82
 -32686.113   278.752  -153.18   97.69
 -32309.990   209.655  -183.71  119.05
 -31933.877   182.513   -72.17  101.41
 -31557.774   216.530    90.45  115.14
 -31181.680   270.080   142.39  105.97
 -30805.597   322.780   140.13   67.81
 -30429.523   309.172   -36.18   65.52
 -30053.460   301.855   -19.46   56.01
 -29677.406   304.318     6.55   62.97
 -29301.361   324.393    53.39   73.03
 -28925.327   363.270   103.39   70.71
 -28549.303   387.265    63.82   67.35
 -28173.288   385.855    -3.75   75.89
 -27797.283   378.141   -20.52   66.80
 -27421.288   374.276   -10.28   70.41
 -27045.303   400.130    68.76   83.06
 -26669.327   452.829   140.17   78.56
 -26293.362   497.367   118.46   77.22
 -25917.406   525.099    73.76   83.42
 -25541.460   510.547   -38.71   91.21
 -25165.524   458.230  -139.17  136.51
 -24789.597   352.055  -282.44  142.33
 -24413.681   268.904  -221.20  118.45
 -24037.774   227.030  -111.40   84.00
 -23661.877   207.445   -52.10   82.11
 -23285.990   213.802    16.91   74.31
 -22910.112   196.118   -47.05   72.49
 -22534.245   142.555  -142.51   88.57
 -22158.387    89.455  -141.28   76.66
 -21782.539    52.805   -97.51   45.85
 -21406.700    30.804   -58.54    9.98
 -21030.872    29.747    -2.81    7.42
 -20655.053    34.660    13.07   13.30
 -20279.244    37.804     8.37   13.48
 -19903.444    45.188    19.65   17.99
 -19527.655    53.730    22.73   24.01
 -19151.875    55.188     3.88   22.39
 -18776.105    54.736    -1.20   20.17
 -18400.345    53.086    -4.39   17.47
 -18024.595    50.030    -8.13    9.01
 -17648.854    50.855     2.20    9.40
 -17273.123    48.555    -6.12    8.81
 -16897.402    54.593    16.07   21.87
 -16521.690    65.750    29.70   33.55
 -16145.988    80.380    38.94   40.49
 -15770.296    79.155    -3.26   38.72
 -15394.614    72.636   -17.35   38.58
 -15018.941    63.305   -24.84   35.67
 -14643.279    48.882   -38.39   16.25
 -14267.626    45.618    -8.69   10.61
 -13891.982    42.573    -8.11    5.56
 -13516.348    41.705    -2.31    4.96
 -13140.725    38.980    -7.25    6.19
 -12765.110    36.455    -6.72    7.59
 -12389.506    33.755    -7.19    7.13
 -12013.911    31.152    -6.93    7.13
 -11638.326    29.805    -3.59    6.94
 -11262.751    28.001    -4.80    6.97
 -10887.185    25.419    -6.88    6.74
 -10511.629    25.605     0.49    5.87
 -10136.083    27.932     6.20    6.43
  -9760.546    32.998    13.49    8.65
  -9385.019    37.214    11.23    6.60
  -9009.502    39.705     6.63    5.58
  -8633.994    38.829    -2.33    6.43
  -8258.497    36.445    -6.35    6.95
  -7883.009    33.236    -8.55    7.32
  -7507.530    32.250    -2.63    7.65
  -7132.061    38.955    17.86   15.35
  -6756.602    56.180    45.88   38.27
  -6381.153    89.001    87.42   61.85
  -6005.713   117.330    75.45   63.72
  -5630.283   133.327    42.61   55.29
  -5254.863   123.697   -25.65   61.34
  -4879.452   101.958   -57.91   68.81
  -4504.051    80.155   -58.08   66.83
  -4128.659    51.630   -75.99   52.66
  -3753.277    32.855   -50.02   36.14
  -3377.905    17.330   -41.36   12.16
  -3002.543    14.152    -8.47    7.35
  -2627.190    12.780    -3.66    7.14
  -2251.847    12.172    -1.62    6.65
  -1876.513    10.265    -5.08    5.91
  -1501.189     8.755    -4.02    6.81
  -1125.875     7.752    -2.67    7.31
   -750.571     5.026    -7.27    6.70
   -375.276     2.906    -5.65    5.80
      0.010     1.555    -3.60    4.38
    375.286     1.778     0.59    4.07
    750.552     4.291     6.70    6.96
   1125.808     7.855     9.50    8.29
   1501.055    12.171    11.50    7.82
   1876.292    14.455     6.09    6.37
   2251.520    15.305     2.27    4.92
   2626.738    15.172    -0.35    4.86
   3001.946    13.030    -5.71    4.99
   3377.145    11.799    -3.28    3.65
   3752.334    10.747    -2.81    2.81
   4127.514    11.137     1.04    2.96
   4502.684    12.130     2.65    2.99
   4877.844    12.255     0.33    3.14
   5252.995    12.055    -0.53    3.43
   5628.136    12.680     1.67    3.86
   6003.268    13.960     3.41    4.49
   6378.390    14.855     2.39    4.23
   6753.502    16.757     5.07    4.98
   7128.605    18.009     3.34    4.90
   7503.698    19.505     3.99    4.88
   7878.782    20.752     3.33    4.46
   8253.856    21.099     0.92    3.40
   8628.921    22.547     3.86    3.68
   9003.976    24.355     4.82    4.61
   9379.021    26.555     5.87    5.02
   9754.057    29.496     7.84    5.06
  10129.083    31.928     6.49    5.57
  10504.100    32.434     1.35    5.11
  10879.107    34.009     4.20    5.19
  11254.104    35.530     4.06    5.29
  11629.092    35.080    -1.20    5.28
  12004.071    34.030    -2.80    5.78
  12379.040    33.750    -0.75    6.05
  12753.999    34.774     2.73    6.30
  13128.949    38.071     8.79    6.12
  13503.889    38.955     2.36    4.47
  13879.697    38.392    -1.50    4.64
  14256.536    37.930    -1.22    4.28
  14633.365    37.680    -0.66    4.70
  15010.185    37.171    -1.35    5.41
  15386.995    35.782    -3.69    5.26
  15763.796    34.172    -4.27    4.32
  16140.586    33.317    -2.27    3.55
  16517.368    32.905    -1.09    3.26
  16894.139    31.645    -3.35    2.35
  17270.901    32.188     1.44    2.96
  17647.654    32.855     1.77    3.65
  18024.396    33.445     1.57    4.51
  18401.129    33.660     0.57    4.30
  18777.853    33.752     0.25    3.83
  19154.567    34.489     1.96    4.32
  19531.271    36.145     4.39    4.58
  19907.966    36.904     2.02    5.36
  20284.651    36.265    -1.70    6.04
  20661.327    33.805    -6.53    6.34
  21037.992    30.655    -8.36    6.99
  21414.649    26.697   -10.51    5.77
  21791.295    23.455    -8.61    3.14
  22167.933    22.368    -2.89    2.14
  22544.560    22.214    -0.41    2.10
  22921.178    23.624     3.74    3.88
  23297.787    24.671     2.78    3.85
  23674.385    24.630    -0.11    3.75
  24050.975    23.705    -2.46    4.04
  24427.554    22.240    -3.89    2.87
  24804.124    22.830     1.57    3.39
  25180.685    24.723     5.03    4.23
  25557.236    29.245    12.01    5.73
  25933.777    31.086     4.89    4.83
  26310.309    30.701    -1.02    4.91
  26686.832    27.430    -8.69    6.18
  27063.344    24.240    -8.47    4.73
  27439.848    22.522    -4.56    4.65
  27816.341    21.701    -2.18    5.22
  28192.825    21.430    -0.72    5.79
  28569.300    20.188    -3.30    5.29
  28945.765    18.705    -3.94    4.37
  29322.220    17.188    -4.03    3.52
  29698.666    16.697    -1.30    3.42
  30075.103    16.130    -1.51    4.07
  30451.530    13.680    -6.51    5.55
  30827.947    11.636    -5.43    5.35
  31204.355    10.455    -3.14    4.63
  31580.753    11.098     1.71    4.55
  31957.142    10.776    -0.86    4.19
  32333.521     9.676    -2.92    3.96
  32709.891     8.205    -3.91    3.46
  33086.251     6.496    -4.54    2.32
  33462.602     6.380    -0.31    2.15
  33838.943     5.240    -3.03    1.29
  34215.275     4.881    -0.95    1.26
  34591.597     5.155     0.73    2.08
  34967.909     5.392     0.63    2.62
  35344.213     5.599     0.55    3.50
  35720.506     6.230     1.68    3.37
  36096.791     7.776     4.11    4.20
  36473.065     7.611    -0.44    4.46
  36849.330     7.430    -0.48    4.56
  37225.586     5.697    -4.61    4.19
  37601.832     3.879    -4.83    1.42
  37978.069     3.573    -0.81    1.23
  38354.296     3.498    -0.20    1.25
  38730.514     3.434    -0.17    1.20
  39106.723     3.705     0.72    1.37
  39482.921     4.255     1.46    1.78
  39859.111     4.419     0.44    2.07
  40235.291     4.480     0.16    1.98
  40611.461     4.772     0.78    2.14
  40987.622     5.855     2.88    2.64
  41363.774     6.060     0.55    2.74
  41739.916     6.035    -0.07    3.66
  42116.049     6.060     0.07    5.18
  42492.172     6.727     1.77    6.01
  42868.285     8.105     3.66    5.80
  43244.390     9.163     2.81    4.91
  43620.485     8.240    -2.45    4.85
  43996.570     5.757    -6.60    3.18
  44372.646     4.801    -2.54    1.78
  44748.712     4.831     0.08    1.89
  45124.769     5.163     0.88    2.27
  45500.817     5.470     0.82    2.36
  45876.855     5.155    -0.84    1.56
  46252.884     5.060    -0.25    1.26
  46628.904     5.117     0.15    1.33
  47004.913     5.487     0.98    1.67
  47380.914     6.580     2.91    3.05
  47756.905     7.906     3.53    4.30
  48132.887     8.440     1.42    3.63
  48508.859     8.780     0.90    3.03
  48884.822     8.723    -0.15    2.75
  49260.775     8.455    -0.71    2.87
  49636.720     7.605    -2.26    2.58
  50012.654     7.465    -0.37    2.64
  50388.579     6.830    -1.69    2.13
  50764.495     6.752    -0.21    1.82
  51140.402     8.276     4.05    4.07
  51516.299    10.434     5.74    4.54
  51892.187    12.030     4.25    4.44
  52268.065    12.355     0.86    4.28
  52643.934    10.005    -6.25    4.65
  53019.793     8.035    -5.24    3.87
  53395.643     8.077     0.11    3.62
  53771.484     7.611    -1.24    3.12
  54147.316     7.573    -0.10    3.36
  54523.138     7.393    -0.48    3.32
  54898.950     6.030    -3.63    1.38
  55274.754     6.265     0.63    1.45
  55650.547     6.455     0.50    2.24
  56026.332     6.496     0.11    2.40
  56402.107     5.955    -1.44    2.42
  56777.873     6.009     0.14    2.83
  57153.630     6.752     1.98    3.32
  57529.377     8.307     4.14    3.42
  57905.114     9.618     3.49    3.23
  58280.843    10.505     2.36    3.08
  58656.562    11.280     2.06    3.15
  59032.272    11.831     1.47    3.06
  59407.972    12.580     1.99    2.89
  59783.663    13.494     2.43    2.23
  60159.345    13.990     1.32    1.84
  60535.017    14.381     1.04    1.89
  60910.680    14.180    -0.54    2.14
  61286.334    14.155    -0.07    2.00
  61661.979    13.905    -0.67    1.99
  62037.614    12.855    -2.80    1.89
  62413.239    12.118    -1.96    1.69
  62788.856    11.855    -0.70    1.60
  63164.463    11.611    -0.65    2.18
  63540.061    11.701     0.24    2.32
  63915.649    12.030     0.88    2.31
  64291.229    12.671     1.71    2.47
  64666.799    14.245     4.19    2.34
  65042.359    15.265     2.72    2.46
  65417.910    17.676     6.42    3.46
  65793.452    20.291     6.96    3.95
  66168.985    22.599     6.14    4.06
  66544.508    24.660     5.49    4.37
  66920.023    26.161     4.00    4.06
  67295.527    28.727     6.83    4.43
  67671.023    30.291     4.17    4.89
  68046.509    31.214     2.46    5.28
  68421.986    33.130     5.10    5.46
  68797.454    34.671     4.10    6.01
  69172.912    37.802     8.34    5.88
  69548.361    40.599     7.45    3.57
  69923.801    40.393    -0.55    3.42
  70299.232    39.465    -2.47    3.69
  70674.653    37.342    -5.65    3.85
  71050.065    34.255    -8.22    3.48
  71425.468    32.522    -4.62    2.06
  71800.862    31.380    -3.04    2.48
  72176.246    29.855    -4.06    3.00
  72551.621    29.460    -1.05    3.95
  72926.987    31.130     4.45    6.03
  73302.343    34.618     9.29    6.48
  73677.691    37.998     9.00    4.68
  74053.029    40.035     5.43    2.19
  74428.357    39.805    -0.61    2.16
  74803.677    38.705    -2.93    2.68
  75178.987    39.317     1.63    3.47
  75554.288    40.660     3.58    4.00
  75929.580    42.233     4.19    3.65
  76304.863    42.465     0.62    3.10
  76680.136    41.250    -3.24    3.55
  77055.400    39.137    -5.63    3.89
  77430.655    37.155    -5.28    3.39
  77805.901    36.881    -0.73    2.58
  78181.138    38.105     3.26    2.92
  78556.365    38.701     1.59    3.07
  78931.583    38.555    -0.39    3.41
  79306.792    36.977    -4.21    3.87
  79681.992    36.118    -2.29    3.54
  80057.182    37.465     3.59    3.66
  80432.363    39.445     5.28    2.77
  80807.535    40.030     1.56    2.14
  81182.698    39.280    -2.00    2.57
  81557.852    38.419    -2.29    2.94
  81932.996    37.284    -3.03    2.87
  82308.132    36.197    -2.90    3.60
  82683.258    34.196    -5.33    4.76
  83058.375    30.393   -10.14    5.36
  83433.482    27.636    -7.35    5.04
  83808.581    24.214    -9.12    4.25
  84183.670    21.547    -7.11    3.53
  84558.750    20.205    -3.58    2.99
  84933.821    18.671    -4.09    2.90
  85308.883    18.111    -1.49    3.03
  85683.936    17.445    -1.78    2.86
  86058.979    17.265    -0.48    2.01
  86434.014    17.188    -0.21    1.99
  86809.039    17.066    -0.33    1.86
  87184.055    19.055     5.30    3.49
  87559.062    21.342     6.10    4.82
  87934.059    23.650     6.15    4.24
  88309.048    25.123     3.93    2.78
  88684.027    25.547     1.13    2.19
  89060.262    24.050    -3.98    3.20
  89437.063    22.214    -4.87    3.85
  89813.855    20.562    -4.38    3.47
  90190.638    19.013    -4.11    2.11
  90567.412    19.755     1.97    3.18
  90944.176    22.245     6.61    4.83
  91320.932    24.092     4.90    5.08
  91697.677    24.930     2.22    4.28
  92074.414    24.592    -0.90    3.08
  92451.142    24.440    -0.40    1.72
  92827.860    25.380     2.49    2.14
  93204.569    27.909     6.71    3.54
  93581.269    30.980     8.15    5.15
  93957.960    33.655     7.10    4.85
  94334.641    35.655     5.31    3.81
  94711.313    37.080     3.78    3.70
  95087.976    38.697     4.29    3.32
  95464.630    40.423     4.58    3.67
  95841.275    42.774     6.24    4.09
  96217.910    45.355     6.85    3.56
  96594.537    47.806     6.51    3.54
  96971.154    49.630     4.84    4.23
  97347.762    52.030     6.37    4.92
  97724.360    54.197     5.75    4.19
  98100.950    54.782     1.55    3.69
  98477.530    54.611    -0.45    3.94
  98854.101    54.676     0.17    3.73
  99230.663    56.405     4.59    4.71
  99607.216    58.408     5.32    4.48
  99983.760    60.426     5.36    3.91
 100360.294    63.137     7.20    4.32
 100736.819    66.930    10.07    6.84
 101113.336    80.005    34.72   20.48
 101489.843   106.778    71.10   40.18
 101866.340   142.904    95.95   53.08
 102242.829   173.369    80.91   45.25
 102619.309   177.806    11.79   37.76
 102995.779   162.137   -41.62   33.08
 103372.240   139.804   -59.32   32.05
 103748.692   127.180   -33.53   27.82
 104125.135   115.750   -30.36   28.20
 104501.569   112.804    -7.83   27.55
 104877.993   114.118     3.49   23.47
 105254.409   108.355   -15.31   20.32
 105630.815    96.804   -30.69   22.16
 106007.212    86.133   -28.35   22.34
 106383.600    73.905   -32.49   10.18
 106759.979    68.380   -14.68    5.29
 107136.349    64.755    -9.63    3.83
 107512.710    63.393    -3.62    3.63
 107889.062    63.539     0.39    4.19
 108265.404    62.760    -2.07    4.46
 108641.737    63.368     1.62    4.47
 109018.062    62.805    -1.50    3.69
 109394.377    61.505    -3.45    3.98
 109770.683    61.496    -0.02    4.32
 110146.980    60.270    -3.26    4.00
 110523.267    58.934    -3.55    2.90
 110899.546    58.205    -1.94    2.97
 111275.816    57.368    -2.22    2.99
 111652.076    56.538    -2.21    2.81
 112028.328    56.530    -0.02    3.12
 112404.570    58.355     4.85    3.39
 112780.803    59.908     4.13    3.41
 113157.027    61.137     3.27    3.01
 113533.242    62.137     2.66    2.24
 113909.448    62.155     0.05    2.56
 114285.645    62.240     0.22    2.30
 114661.833    61.804    -1.16    2.57
 115038.012    61.408    -1.05    2.53
 115414.182    61.305    -0.27    2.26
 115790.342    61.050    -0.68    2.40
 116166.494    61.522     1.25    2.50
 116542.636    62.580     2.81    2.47
 116918.770    62.750     0.45    2.58
 117294.894    64.294     4.11    3.10
 117671.009    66.123     4.86    3.14
 118047.116    67.487     3.62    3.74
 118423.213    69.280     4.77    3.76
 118799.301    70.355     2.86    4.43
 119175.380    71.684     3.53    4.55
 119551.450    72.111     1.14    5.00
 119927.511    72.580     1.25    5.11
 120303.563    72.855     0.73    4.74
 120679.606    72.881     0.07    4.13
 121055.640    73.367     1.29    3.42
 121431.665    74.666     3.45    3.87
 121807.681    75.294     1.67    4.01
 122183.687    77.111     4.83    4.51
 122559.685    78.599     3.96    5.07
 122935.674    80.676     5.52    5.51
 123311.654    84.145     9.23    4.94
 123687.624    86.305     5.75    4.53
 124063.586    87.906     4.26    4.77
 124439.539    86.547    -3.61    6.60
 124815.482    83.881    -7.09    8.70
 125191.417    81.071    -7.47    8.83
 125567.343    77.270   -10.11    6.80
 125943.259    75.855    -3.76    3.66
 126319.167    77.188     3.55    4.27
 126695.066    81.317    10.98    7.88
 127070.955    85.111    10.09    9.21
 127446.836    90.416    14.11   10.30
 127822.708    97.009    17.54   12.50
 128198.570   105.680    23.07   15.73
 128574.424   118.522    34.16   19.71
 128950.269   129.245    28.53   19.57
 129326.104   142.757    35.95   18.93
 129701.931   156.513    36.60   18.43
 130077.749   167.430    29.05   17.50
 130453.558   180.430    34.59   17.07
 130829.358   182.430     5.32   20.22
 131205.148   181.705    -1.93   24.08
 131580.930   178.908    -7.44   23.99
 131956.703   174.125   -12.73   21.81
 132332.467   171.369    -7.34   13.77
 132708.222   172.730     3.62   10.90
 133083.968   180.538    20.78   16.38
 133459.705   194.080    36.04   24.54
 133835.433   208.755    39.05   30.30
 134211.152   215.645    18.34   32.95
 134586.863   221.855    16.53   38.50
 134962.564   222.780     2.46   39.06
 135338.256   234.522    31.25   49.99
 135713.940   255.205    55.05   62.68
 136089.614   274.060    50.19   64.58
 136465.280   297.903    63.46   68.38
 136840.936   323.214    67.37   74.15
 137216.584   356.829    89.48   59.79
 137592.223   385.188    75.49   35.49
 137967.852   397.035    31.53   20.04
 138343.473   372.805   -64.50   49.93
 138719.085   325.161  -126.83   81.11
 139094.688   269.804  -147.37   75.25
 139470.282   252.906   -44.98   60.58
 139845.867   286.650    89.84   79.51
 140221.444   328.522   111.48   68.22
 140597.011   366.513   101.15   36.09
 140972.570   377.701    29.79   30.79
 141348.119   364.624   -34.82   40.39
 141723.660   340.547   -64.11   53.17
 142099.191   305.099   -94.39   57.72
 142474.714   278.152   -71.75   42.08
 142850.228   275.205    -7.85   40.27
 143225.733   277.009     4.80   50.38
 143601.230   277.587     1.54   52.09
 143976.717   267.291   -27.42   55.78
 144352.195   243.291   -63.91   50.79
 144727.665   229.099   -37.79   45.43
 145103.125   223.329   -15.37   50.82
 145478.577   223.196    -0.35   46.90
 145854.020   204.983   -48.51   49.93
 146229.454   178.392   -70.82   58.63
 146604.879   138.445  -106.40   55.81
 146980.295   101.778   -97.66   37.52
 147355.703    86.705   -40.15   23.69
 147731.101    81.881   -12.85   25.08
 148106.491    84.060     5.80   24.99
 148481.872    86.906     7.58   21.89
 148857.244    87.701     2.12   19.67
 149232.607    87.881     0.48   16.65
 149607.961    83.355   -12.06   12.30
 149983.306    74.905   -22.51    9.37
 150358.643    71.980    -7.79    9.24
 150733.970    70.605    -3.66   10.71
 151109.289    70.086    -1.38   10.65
 151484.599    69.460    -1.67   10.70
 151859.900    66.660    -7.46   11.22
 152235.193    62.368   -11.44    4.62
 152610.476    60.630    -4.63    3.98
 152985.751    59.539    -2.91    4.02
 153361.017    59.805     0.71    4.91
 153736.274    58.953    -2.27    4.77
 154111.522    59.039     0.23    4.37
 154486.761    60.705     4.44    4.31
 154861.992    61.066     0.96    4.24
 155237.213    60.026    -2.77    4.50
 155612.426    58.580    -3.85    4.81
 155987.630    55.645    -7.82    3.79
 156362.826    54.060    -4.22    3.42
 156738.012    53.701    -0.96    3.51
 157113.190    53.480    -0.59    3.22
 157488.359    54.155     1.80    2.85
 157863.519    53.701    -1.21    2.70
 158238.670    53.342    -0.96    2.54
 158613.812    52.577    -2.04    2.59
 158988.946    52.050    -1.40    1.93
 159364.071    51.573    -1.27    2.15
 159739.187    50.829    -1.98    2.52
 160114.294    49.480    -3.60    2.60
 160489.393    48.291    -3.17    2.20
 160864.483    47.230    -2.83    1.69
 161239.564    46.855    -1.00    1.72
 161614.636    46.455    -1.07    1.50
 161989.699    45.223    -3.28    2.07
 162364.754    44.806    -1.11    2.58
 162739.800    44.280    -1.40    2.77
 163114.837    44.098    -0.48    3.73
 163489.865    42.705    -3.71    3.56
 163864.885    42.030    -1.80    3.05
 164241.516    41.305    -1.92    2.89
 164618.278    42.555     3.32    4.92
 164995.031    44.077     4.04    5.39
 165371.774    44.531     1.20    5.26
 165748.509    44.801     0.72    4.96
 166125.236    45.005     0.54    4.19
 166501.953    46.514     4.00    4.63
 166878.661    48.522     5.33    4.18
 167255.361    49.880     3.61    3.91
 167632.052    50.092     0.56    3.84
 168008.734    52.855     7.33    6.00
 168385.407    54.953     5.57    6.18
 168762.071    56.513     4.14    5.85
 169138.727    53.955    -6.79    5.63
 169515.374    50.408    -9.42    4.97
 169892.012    48.069    -6.21    3.86
 170268.641    46.727    -3.56    3.78
 170645.261    45.630    -2.91    3.42
 171021.873    44.730    -2.39    2.64
 171398.475    43.676    -2.80    2.78
 171775.069    41.955    -4.57    3.07
 172151.654    40.152    -4.79    2.91
 172528.231    39.318    -2.21    2.89
 172904.798    39.080    -0.63    2.70
 173281.357    38.566    -1.37    3.33
 173657.907    38.522    -0.12    3.55
 174034.448    38.855     0.89    3.88
 174410.980    38.035    -2.18    5.57
 174787.504    36.983    -2.79    5.89
 175164.019    35.573    -3.75    4.89
 175540.525    33.487    -5.54    2.89
 175917.022    34.077     1.57    3.42
 176293.510    35.630     4.12    5.35
 176669.990    38.980     8.90    6.26
 177046.461    43.881    13.02    7.02
 177422.923    48.855    13.21    5.94
 177799.377    52.197     8.88    4.52
 178175.821    52.294     0.26    5.09
 178552.257    51.317    -2.60    6.44
 178928.684    50.755    -1.49    6.01
 179305.103    48.830    -5.11    5.60
 179681.512    49.240     1.09    5.50
 180057.913    49.465     0.60    6.51
 180434.305    47.513    -5.19    6.18
 180810.689    48.291     2.07    5.93
 181187.064    49.630     3.56    5.45
 181563.429    50.480     2.26    4.74
 181939.787    50.430    -0.13    4.66
 182316.135    48.049    -6.32    4.79
 182692.475    45.983    -5.49    4.71
 183068.806    44.539    -3.84    4.74
 183445.128    43.618    -2.45    5.14
 183821.442    41.522    -5.57    6.00
 184197.747    39.250    -6.04    5.01
 184574.043    36.830    -6.43    4.37
 184950.330    34.829    -5.32    3.46
 185326.609    34.624    -0.55    4.32
 185702.879    34.416    -0.55    4.58
 186079.140    34.855     1.17    4.54
 186455.392    34.416    -1.17    3.71
 186831.636    34.804     1.03    3.62
 187207.871    36.805     5.32    3.75
 187584.098    38.855     5.45    2.78
 187960.316    38.955     0.27    3.06
 188336.525    38.955     0.00    3.19
 188712.725    37.881    -2.85    3.35
 189088.917    36.330    -4.12    3.93
 189465.100    33.776    -6.79    4.34
 189841.274    31.318    -6.53    4.03
 190217.440    29.180    -5.68    4.55
 190593.596    27.504    -4.46    4.58
 190969.745    24.829    -7.11    4.78
 191345.884    21.780    -8.11    4.75
 191722.015    20.240    -4.09    4.60
 192098.137    20.455     0.57    4.83
 192474.251    20.445    -0.03    4.56
 192850.356    21.618     3.12    3.97
 193226.452    23.936     6.16    5.32
 193602.540    26.105     5.77    5.80
 193978.618    27.928     4.85    4.99
 194354.689    26.804    -2.99    6.68
 194730.750    23.355    -9.17    6.79
 195106.803    22.223    -3.01    5.94
 195482.847    26.099    10.30    9.20
 195858.883    34.005    21.02   11.54
 196234.910    41.802    20.73    9.86
 196610.928    48.105    16.76    5.36
 196986.938    49.573     3.90    4.01
 197362.939    47.538    -5.41    5.79
 197738.932    42.881   -12.38    6.15
 198114.915    38.930   -10.51    5.31
 198490.891    35.330    -9.57    3.89
 198866.857    31.855    -9.24    3.85
 199242.815    28.780    -8.18    5.06
 199618.764    23.633   -13.69    6.55
 199994.705    18.555   -13.51    6.39
 200370.637    14.317   -11.27    4.45
 200746.560    11.460    -7.60    2.82
 201122.475    10.778    -1.81    2.61
 201498.381    10.592    -0.50    3.05
 201874.279     9.730    -2.29    3.41
 202250.168     8.701    -2.74    3.47
 202626.048     7.060    -4.37    3.29
 203001.920     4.906    -5.73    2.28
 203377.783     3.666    -3.30    2.49
 203753.638     2.855    -2.16    3.57
 204129.484     1.624    -3.27    4.17
 204505.321     1.804     0.48    5.30
 204881.150     2.214     1.09    6.12
 205256.970     3.030     2.17    6.74
 205632.782     2.355    -1.80    7.09
 206008.585     0.302    -5.46    6.27
 206384.379    -2.420    -7.24    4.60
 206760.165    -4.355    -5.15    2.99
 207135.942    -4.682    -0.87    2.48
 207511.711    -5.220    -1.43    2.16
 207887.471    -5.201     0.05    2.11
 208263.222    -5.401    -0.53    2.06
 208638.965    -5.370     0.08    1.51
 209014.700    -5.119     0.67    2.61
 209390.426    -2.504     6.96    5.07
 209766.143     0.599     8.26    6.61
 210141.852     3.934     8.88    6.42
 210517.552     5.272     3.56    5.05
 210893.243     4.630    -1.71    4.05
 211268.927     2.416    -5.89    3.27
 211644.601     0.881    -4.08    2.88
 212020.267     0.355    -1.40    3.04
 212395.924    -0.724    -2.87    3.37
 212771.573    -2.595    -4.98    3.40
 213147.214    -3.645    -2.79    2.78
 213522.845    -4.270    -1.66    2.07
 213898.469    -3.870     1.06    1.28
 214274.083    -3.478     1.04    1.08
 214649.690    -3.316     0.43    1.39
 215025.287    -2.961     0.94    1.64
 215400.876    -3.299    -0.90    2.25
 215776.457    -3.581    -0.75    2.48
 216152.029    -4.324    -1.98    2.40
 216527.593    -5.020    -1.85    2.10
 216903.148    -5.367    -0.92    1.68
 217278.694    -5.303     0.17    1.52
 217654.232    -5.277     0.07    1.44
 218029.762    -4.991     0.76    1.50
 218405.283    -3.595     3.72    2.55
 218780.796    -2.812     2.09    2.68
 219156.300    -2.370     1.18    2.56
 219531.795    -2.760    -1.04    2.55
 219907.282    -3.914    -3.07    2.28
 220282.761    -4.395    -1.28    1.86
 220658.231    -4.530    -0.36    1.70
 221033.692    -4.608    -0.21    1.48
 221409.145    -4.408     0.53    1.52
 221784.590    -4.270     0.37    1.60
 222160.026    -4.119     0.40    2.21
 222535.453    -3.096     2.72    3.06
 222910.872    -1.745     3.60    3.60
 223286.283     0.214     5.22    3.26
 223661.685     1.230     2.71    2.82
 224037.079     0.750    -1.28    2.83
 224412.464     0.050    -1.86    2.81
 224787.841    -0.350    -1.07    2.76
 225163.209    -0.224     0.34    2.57
 225538.569    -0.145     0.21    2.58
 225913.920     1.133     3.40    3.53
 226289.263     1.880     1.99    3.50
 226664.598     1.983     0.27    3.04
 227039.924     1.881    -0.27    2.41
 227415.241     2.188     0.82    2.99
 227790.550     3.188     2.66    3.26
 228165.851     3.782     1.58    2.90
 228541.143     4.470     1.83    2.59
 228916.427     4.393    -0.20    1.82
 229291.702     5.130     1.96    2.14
 229666.969     5.317     0.50    1.77
 230042.227     5.505     0.50    1.61
 230417.477     5.513     0.02    1.56
 230792.719     5.980     1.24    2.00
 231167.952     7.650     4.45    4.00
 231543.177     9.709     5.49    4.56
 231918.393    11.130     3.79    3.59
 232293.601    12.244     2.97    3.06
 232668.800    12.460     0.58    2.85
 233043.991    11.701    -2.02    3.34
 233419.174    11.573    -0.34    3.32
 233794.348    10.086    -3.96    2.66
 234169.514     9.305    -2.08    2.29
 234544.671     9.573     0.71    2.42
 234919.820    10.272     1.86    3.17
 235294.961    10.780     1.35    2.99
 235670.093    11.514     1.96    2.76
 236045.217    12.092     1.54    2.21
 236420.332    12.305     0.57    1.83
 236795.439    12.697     1.05    1.75
 237170.538    12.905     0.55    2.28
 237545.628    12.855    -0.13    3.03
 237920.710    11.419    -3.83    3.76
 238295.783     9.393    -5.40    3.09
 238670.848     7.727    -4.44    2.17
 239046.174     7.440    -0.76    2.19
 239422.913     7.883     1.17    2.75
 239799.644     8.727     2.24    3.80
 240176.366     9.233     1.34    3.88
 240553.080     9.998     2.03    3.72
