-333179.675    -8.179     0.00    0.00
-332803.883    -8.179     0.00    0.00
-332428.086    -8.179     0.00    0.00
-332052.284    -8.179     0.00    0.00
-331676.478    -8.179     0.00    0.00
-331300.667    -8.179     0.00    0.00
-330924.852    -8.179     0.00    0.00
-330549.032    -8.179     0.00    0.00
-330173.207    -8.179     0.00    0.00
-329797.378    -8.179     0.00    0.00
-329421.544    -8.179     0.00    0.00
-329045.706    -8.179     0.00    0.00
-328669.863    -8.179     0.00    0.00
-328294.016    -8.179     0.00    0.00
-327918.164    -8.179     0.00    0.00
-327542.307    -8.179     0.00    0.00
-327166.446    -8.179     0.00    0.00
-326790.580    -8.179     0.00    0.00
-326414.710    -8.179     0.00    0.00
-326038.835    -8.179     0.00    0.00
-325662.955    -8.179     0.00    0.00
-325287.071    -8.179     0.00    0.00
-324911.182    -8.179     0.00    0.00
-324535.289    -8.179     0.00    0.00
-324159.390    -8.179     0.00    0.00
-323783.488    -8.179     0.00    0.00
-323407.581    -8.179     0.00    0.00
-323031.669    -8.179     0.00    0.00
-322655.752    -8.179     0.00    0.00
-322279.831    -8.179     0.00    0.00
-321903.906    -8.179     0.00    0.00
-321527.975    -8.179     0.00    0.00
-321152.040    -8.179     0.00    0.00
-320776.101    -8.179     0.00    0.00
-320400.157    -8.179     0.00    0.00
-320024.208    -8.179     0.00    0.00
-319648.254    -8.179     0.00    0.00
-319272.296    -8.179     0.00    0.00
-318896.333    -8.179     0.00    0.00
-318520.366    -8.179     0.00    0.00
-318144.394    -8.179     0.00    0.00
-317768.418    -8.179     0.00    0.00
-317392.436    -8.179     0.00    0.00
-317016.450    -8.179     0.00    0.00
-316640.460    -8.179     0.00    0.00
-316264.465    -8.179     0.00    0.00
-315888.465    -8.179     0.00    0.00
-315512.460    -8.179     0.00    0.00
-315136.451    -8.179     0.00    0.00
-314760.437    -8.179     0.00    0.00
-314384.419    -8.179     0.00    0.00
-314008.396    -8.179     0.00    0.00
-313632.368    -8.179     0.00    0.00
-313256.336    -8.179     0.00    0.00
-312880.299    -8.179     0.00    0.00
-312504.257    -8.179     0.00    0.00
-312128.210    -8.179     0.00    0.00
-311752.159    -8.179     0.00    0.00
-311376.104    -8.179     0.00    0.00
-311000.043    -8.179     0.00    0.00
-310623.978    -8.179     0.00    0.00
-310247.908    -8.179     0.00    0.00
-309871.834    -8.179     0.00    0.00
-309495.755    -8.179     0.00    0.00
-309119.671    -8.179     0.00    0.00
-308743.582    -8.179     0.00    0.00
-308367.489    -8.179     0.00    0.00
-307991.391    -8.179     0.00    0.00
-307615.289    -8.179     0.00    0.00
-307239.181    -8.179     0.00    0.00
-306863.069    -8.179     0.00    0.00
-306486.953    -8.179     0.00    0.00
-306110.831    -8.179     0.00    0.00
-305734.705    -8.179     0.00    0.00
-305358.575    -8.179     0.00    0.00
-304982.439    -8.179     0.00    0.00
-304606.299    -7.942     0.63    0.79
-304230.154    -7.404     1.43    1.62
-303854.005    -6.854     1.46    1.76
-303477.850    -6.554     0.80    1.94
-303101.691    -6.704    -0.40    1.83
-302725.528    -6.734    -0.08    1.93
-302349.359    -6.125     1.62    2.01
-301973.186    -6.095     0.08    2.12
-301597.008    -6.102    -0.02    2.08
-301220.826    -6.754    -1.73    2.00
-300844.638    -7.179    -1.13    1.91
-300468.446    -7.629    -1.20    2.41
-300092.250    -7.942    -0.83    2.16
-299716.048    -7.810     0.35    2.64
-299339.842    -7.538     0.72    2.50
-298963.631    -7.769    -0.61    1.96
-298587.415    -7.968    -0.53    1.93
-298211.195    -8.416    -1.19    1.05
-297834.970    -8.404     0.03    1.59
-297458.740    -8.449    -0.12    1.69
-297082.505    -8.129     0.85    1.81
-296706.266    -7.769     0.96    1.90
-296330.022    -7.638     0.35    2.02
-295953.773    -7.557     0.22    1.75
-295577.519    -7.638    -0.22    1.86
-295201.261    -7.692    -0.14    1.83
-294824.998    -7.589     0.27    1.76
-294448.730    -7.341     0.66    1.62
-294072.457    -6.692     1.73    1.68
-293696.180    -6.389     0.80    1.71
-293319.898    -6.125     0.70    1.99
-292943.611    -6.479    -0.94    2.13
-292567.319    -6.784    -0.81    2.21
-292191.023    -7.230    -1.19    1.70
-291814.721    -7.047     0.49    1.86
-291438.415    -7.129    -0.22    2.17
-291062.105    -6.881     0.66    1.47
-290685.789    -6.618     0.70    1.64
-290309.469    -6.743    -0.33    1.65
-289933.144    -6.762    -0.05    1.90
-289556.814    -6.773    -0.03    1.85
-289180.479    -6.827    -0.14    1.96
-288804.140    -6.127     1.86    2.11
-288427.795    -5.845     0.75    2.07
-288051.446    -5.623     0.59    1.87
-287675.093    -6.204    -1.54    2.94
-287298.734    -6.530    -0.87    2.96
-286922.371    -7.179    -1.72    3.07
-286546.002    -7.154     0.07    2.96
-286169.629    -6.990     0.44    1.76
-285793.252    -6.254     1.95    2.00
-285416.869    -5.758     1.32    1.97
-285040.482    -5.256     1.33    1.84
-284664.090    -5.260    -0.01    1.79
-284287.693    -5.496    -0.63    2.01
-283911.291    -5.652    -0.42    1.93
-283534.884    -5.234     1.11    2.16
-283158.473    -5.495    -0.69    1.89
-282782.057    -5.314     0.48    1.75
-282405.635    -5.333    -0.05    1.89
-282029.210    -5.333     0.00    1.91
-281652.779    -5.414    -0.22    2.12
-281276.343    -5.584    -0.45    2.14
-280899.903    -5.963    -1.01    1.99
-280523.458    -6.205    -0.64    1.97
-280147.008    -6.179     0.07    1.91
-279770.553    -6.098     0.22    2.02
-279394.093    -5.813     0.76    2.00
-279017.629    -5.563     0.66    1.86
-278641.160    -5.692    -0.34    1.80
-278264.686    -6.179    -1.29    1.54
-277888.207    -6.615    -1.16    1.80
-277511.723    -6.743    -0.34    2.15
-277135.234    -6.790    -0.12    2.37
-276758.741    -6.435     0.94    2.55
-276382.242    -6.260     0.47    2.31
-276005.739    -6.127     0.35    2.10
-275629.231    -6.129    -0.00    2.09
-275252.718    -6.350    -0.59    1.72
-274876.200    -6.098     0.67    1.91
-274499.678    -5.936     0.43    1.96
-274123.150    -6.021    -0.23    2.03
-273746.618    -6.461    -1.17    2.14
-273370.196    -7.151    -1.83    1.81
-272994.620    -7.154    -0.01    1.93
-272619.039    -7.051     0.28    2.23
-272243.453    -6.854     0.52    2.17
-271867.862    -6.769     0.23    1.87
-271492.266    -6.717     0.14    1.45
-271116.666    -6.604     0.30    1.95
-270741.061    -6.231     0.99    2.07
-270365.451    -5.974     0.69    2.03
-269989.836    -5.990    -0.04    2.36
-269614.216    -5.929     0.16    2.45
-269238.591    -5.804     0.33    2.40
-268862.962    -5.318     1.29    2.45
-268487.327    -5.503    -0.49    2.55
-268111.688    -5.152     0.94    2.27
-267736.044    -4.692     1.22    1.71
-267360.395    -4.717    -0.07    1.83
-266984.741    -4.936    -0.58    2.02
-266609.082    -5.204    -0.71    1.87
-266233.419    -5.307    -0.27    2.10
-265857.750    -5.773    -1.24    1.96
-265482.077    -5.769     0.01    2.02
-265106.399    -5.897    -0.34    1.93
-264730.715    -5.948    -0.14    1.99
-264355.027    -5.968    -0.05    1.79
-263979.335    -5.879     0.24    1.80
-263603.637    -5.692     0.50    2.14
-263227.934    -6.301    -1.62    2.03
-262852.227    -6.820    -1.38    1.88
-262476.514    -6.530     0.77    1.84
-262100.797    -6.584    -0.14    1.86
-261725.075    -6.503     0.22    1.92
-261349.348    -5.922     1.55    2.17
-260973.616    -5.820     0.27    2.18
-260597.879    -5.908    -0.24    2.46
-260222.137    -5.529     1.01    2.59
-259846.390    -6.389    -2.29    2.87
-259470.639    -6.337     0.14    2.96
-259094.882    -6.479    -0.38    2.71
-258719.121    -6.468     0.03    2.05
-258343.354    -6.258     0.56    1.98
-257967.583    -6.126     0.35    1.83
-257591.807    -6.229    -0.27    1.85
-257216.026    -6.287    -0.15    2.00
-256840.240    -6.740    -1.21    1.67
-256464.449    -6.999    -0.69    1.50
-256088.653    -6.719     0.74    1.79
-255712.852    -6.476     0.65    1.73
-255337.047    -6.341     0.36    1.82
-254961.236    -6.307     0.09    1.94
-254585.421    -6.051     0.68    1.82
-254209.600    -5.595     1.21    2.45
-253833.775    -5.179     1.11    2.57
-253457.944    -5.401    -0.59    2.90
-253082.109    -5.416    -0.04    2.94
-252706.269    -5.754    -0.90    2.42
-252330.424    -5.963    -0.56    1.93
-251954.574    -5.538     1.13    1.88
-251578.718    -5.442     0.25    1.97
-251202.858    -5.230     0.56    2.27
-250826.994    -4.800     1.14    2.34
-250451.124    -4.579     0.59    2.46
-250075.249    -4.503     0.20    2.36
-249699.369    -4.881    -1.01    2.26
-249323.484    -5.495    -1.63    2.12
-248947.595    -5.845    -0.93    2.00
-248571.700    -5.948    -0.27    2.18
-248195.800    -6.256    -0.82    2.13
-247819.896    -6.231     0.06    1.87
-247443.986    -6.449    -0.58    2.05
-247068.071    -6.929    -1.28    1.90
-246692.152    -6.897     0.09    1.92
-246316.228    -7.349    -1.20    1.32
-245940.298    -7.314     0.09    1.29
-245564.364    -6.979     0.89    1.47
-245188.424    -6.547     1.15    1.51
-244812.480    -6.179     0.98    2.18
-244436.530    -6.021     0.42    2.21
-244060.576    -6.230    -0.56    2.28
-243684.617    -6.990    -2.02    1.71
-243308.652    -7.468    -1.27    1.21
-242932.683    -6.871     1.59    1.51
-242556.709    -6.651     0.59    1.72
-242180.730    -6.717    -0.18    1.71
-241804.745    -6.679     0.10    1.61
-241428.756    -7.098    -1.11    1.57
-241052.762    -6.665     1.15    1.71
-240676.762    -6.012     1.74    2.16
-240300.758    -6.129    -0.31    2.19
-239924.749    -6.301    -0.46    2.10
-239548.735    -6.705    -1.08    2.00
-239172.715    -6.704     0.00    1.96
-238796.691    -6.310     1.05    2.28
-238420.662    -5.948     0.96    2.30
-238044.627    -4.948     2.66    2.51
-237668.588    -5.153    -0.55    2.66
-237292.544    -5.044     0.29    2.74
-236916.494    -5.640    -1.59    2.48
-236540.440    -6.679    -2.76    1.62
-236164.380    -6.457     0.59    1.67
-235788.316    -6.102     0.94    2.01
-235412.246    -5.692     1.09    2.13
-235036.172    -5.638     0.14    2.43
-234660.092    -5.584     0.14    2.48
-234284.008    -5.901    -0.84    2.43
-233907.918    -6.279    -1.00    2.90
-233531.824    -6.204     0.20    2.83
-233155.724    -6.260    -0.15    3.37
-232779.619    -6.435    -0.47    3.24
-232403.509    -6.152     0.75    2.83
-232027.395    -6.204    -0.14    2.68
-231651.275    -5.784     1.12    1.91
-231275.150    -5.922    -0.37    1.89
-230899.020    -5.990    -0.18    2.00
-230522.885    -6.051    -0.16    2.09
-230146.745    -6.081    -0.08    2.05
-229770.600    -5.707     1.00    2.13
-229394.449    -5.640     0.18    2.00
-229018.294    -5.810    -0.45    1.94
-228642.134    -5.936    -0.33    1.92
-228265.969    -5.936     0.00    2.05
-227889.798    -5.864     0.19    2.15
-227513.623    -6.333    -1.24    2.24
-227137.442    -6.410    -0.20    2.53
-226761.256    -6.262     0.39    2.27
-226385.066    -6.281    -0.05    2.23
-226008.870    -6.290    -0.02    2.19
-225632.669    -6.230     0.16    1.75
-225256.463    -6.410    -0.48    2.08
-224880.252    -6.692    -0.75    1.87
-224504.036    -6.512     0.48    1.81
-224127.815    -6.410     0.27    1.69
-223751.589    -6.593    -0.49    1.34
-223375.357    -6.827    -0.62    1.55
-222999.121    -6.435     1.04    1.85
-222622.879    -6.179     0.68    1.74
-222246.633    -6.179     0.00    2.50
-221870.381    -6.284    -0.28    2.53
-221494.124    -6.148     0.36    2.87
-221117.862    -6.025     0.33    2.73
-220741.595    -5.626     1.06    1.91
-220365.323    -5.679    -0.14    2.02
-219989.046    -5.363     0.84    1.77
-219612.763    -5.345     0.05    1.73
-219236.476    -5.538    -0.51    1.72
-218860.183    -5.704    -0.44    1.60
-218483.886    -5.827    -0.33    1.74
-218107.583    -5.679     0.39    1.91
-217731.275    -5.743    -0.17    1.85
-217354.962    -5.717     0.07    2.09
-216978.644    -5.363     0.94    2.20
-216602.321    -5.743    -1.01    4.02
-216225.992    -6.746    -2.67    4.32
-215849.659    -7.152    -1.08    3.91
-215473.320    -7.076     0.20    3.55
-215096.976    -6.345     1.94    2.42
-214720.627    -6.230     0.31    2.13
-214344.273    -6.074     0.42    2.17
-213967.914    -6.503    -1.14    2.16
-213591.550    -6.854    -0.93    2.48
-213215.180    -6.873    -0.05    2.34
-212838.806    -6.754     0.32    2.40
-212462.426    -6.032     1.92    2.37
-212086.041    -5.679     0.94    2.05
-211709.651    -5.504     0.46    2.13
-211333.256    -5.837    -0.88    2.08
-210956.856    -5.717     0.32    1.86
-210580.450    -5.666     0.14    2.10
-210204.039    -5.717    -0.14    1.89
-209827.624    -5.449     0.71    1.85
-209451.203    -5.871    -1.12    1.76
-209074.776    -6.054    -0.49    2.00
-208698.345    -5.746     0.82    2.22
-208321.909    -5.854    -0.29    2.14
-207945.467    -5.837     0.05    2.02
-207569.020    -5.395     1.17    2.15
-207192.568    -5.206     0.50    2.64
-206816.111    -4.807     1.06    2.82
-206439.649    -4.504     0.81    2.71
-206063.181    -4.579    -0.20    2.59
-205686.709    -4.800    -0.59    2.28
-205310.231    -5.461    -1.75    2.33
-204933.748    -5.963    -1.33    2.36
-204557.260    -6.410    -1.19    2.31
-204180.766    -6.615    -0.54    2.34
-203804.268    -6.442     0.46    2.42
-203427.764    -5.837     1.61    2.69
-203051.255    -5.127     1.88    2.67
-202674.741    -4.954     0.46    2.51
-202298.221    -4.800     0.41    2.56
-201921.697    -4.429     0.99    2.55
-201545.167    -4.102     0.87    2.47
-201168.632    -4.044     0.15    2.69
-200792.092    -3.990     0.14    2.64
-200415.546    -3.827     0.43    2.57
-200038.996    -3.743     0.22    2.69
-199662.440    -4.281    -1.43    2.71
-199285.879    -4.341    -0.16    2.74
-198909.313    -4.547    -0.55    3.37
-198532.741    -4.901    -0.94    3.31
-198156.574    -5.152    -0.67    3.65
-197781.039    -5.254    -0.27    4.15
-197405.500    -5.287    -0.09    4.19
-197029.955    -5.153     0.36    3.55
-196654.405    -4.758     1.05    3.01
-196278.850    -4.729     0.08    3.07
-195903.290    -5.071    -0.91    2.54
-195527.724    -4.854     0.58    2.29
-195152.154    -4.800     0.14    2.62
-194776.578    -5.021    -0.59    2.69
-194400.997    -4.820     0.54    3.18
-194025.410    -4.746     0.20    3.52
-193649.819    -4.871    -0.33    3.63
-193274.222    -4.442     1.14    3.58
-192898.620    -4.205     0.63    4.00
-192523.013    -4.395    -0.51    4.07
-192147.400    -4.179     0.58    4.08
-191771.783    -4.051     0.34    4.03
-191396.160    -3.545     1.35    3.37
-191020.532    -2.758     2.09    3.80
-190644.899    -2.529     0.61    3.81
-190269.260    -2.999    -1.25    3.87
-189893.616    -3.615    -1.64    3.71
-189517.967    -4.574    -2.55    3.12
-189142.313    -4.615    -0.11    2.75
-188766.654    -4.310     0.81    2.55
-188390.989    -4.152     0.42    2.45
-188015.319    -3.454     1.86    2.64
-187639.644    -2.864     1.57    3.22
-187263.963    -1.897     2.58    2.99
-186888.278    -1.341     1.48    2.64
-186512.587    -1.530    -0.50    2.86
-186136.891    -1.936    -1.08    2.92
-185761.189    -2.262    -0.87    3.31
-185385.483    -2.754    -1.31    3.59
-185009.771    -3.486    -1.95    3.11
-184634.054    -3.468     0.05    2.96
-184258.331    -3.358     0.29    2.81
-183882.604    -3.442    -0.22    2.42
-183506.871    -3.229     0.57    2.14
-183131.133    -3.047     0.48    3.12
-182755.389    -2.922     0.33    3.73
-182379.640    -3.021    -0.26    3.94
-182003.886    -3.640    -1.65    5.18
-181628.127    -3.454     0.50    4.82
-181252.363    -3.762    -0.82    4.54
-180876.593    -3.908    -0.39    3.95
-180500.818    -3.773     0.36    3.02
-180125.037    -4.098    -0.86    3.11
-179749.252    -4.358    -0.69    3.53
-179373.461    -4.379    -0.05    3.45
-178997.664    -5.454    -2.86    3.84
-178621.863    -5.679    -0.60    3.06
-178246.056    -5.784    -0.28    2.90
-177870.244    -5.256     1.41    2.60
-177494.427    -4.521     1.96    2.66
-177118.604    -4.153     0.98    2.38
-176742.776    -3.948     0.55    2.10
-176366.943    -4.204    -0.68    1.79
-175991.104    -4.389    -0.49    2.74
-175615.260    -3.845     1.45    3.26
-175239.411    -2.897     2.52    3.67
-174863.557    -1.845     2.80    3.88
-174487.697    -1.758     0.23    3.31
-174111.832    -3.047    -3.43    3.66
-173735.961    -4.337    -3.43    3.91
-173360.086    -6.384    -5.45    1.88
-172984.205    -6.773    -1.03    0.50
-172608.318    -6.468     0.81    0.46
-172232.427    -6.256     0.57    0.27
-171856.530    -6.179     0.20    0.00
-171480.627    -6.281    -0.27    0.31
-171104.720    -6.476    -0.52    0.46
-170728.807    -6.004     1.26    1.99
-170352.888    -5.384     1.65    2.61
-169976.965    -4.025     3.61    3.31
-169601.036    -2.800     3.26    3.23
-169225.101    -2.254     1.45    2.54
-168849.162    -1.999     0.68    2.15
-168473.217    -2.540    -1.44    2.11
-168097.266    -3.102    -1.49    1.94
-167721.311    -3.638    -1.43    1.85
-167345.350    -3.461     0.47    2.15
-166969.383    -2.358     2.93    2.95
-166593.412    -1.350     2.68    2.98
-166217.435    -0.422     2.47    2.79
-165841.452    -0.521    -0.26    2.68
-165465.464    -1.916    -3.71    2.48
-165089.471    -2.104    -0.50    2.44
-164713.473    -2.260    -0.42    2.25
-164337.469    -2.667    -1.08    2.27
-163961.460    -2.871    -0.54    2.28
-163585.445    -3.100    -0.61    2.26
-163209.425    -3.468    -0.98    2.14
-162833.400    -3.461     0.02    1.97
-162457.369    -3.279     0.48    1.78
-162081.333    -3.021     0.69    2.07
-161705.292    -3.054    -0.09    2.00
-161329.245    -3.152    -0.26    2.31
-160953.193    -3.254    -0.27    2.19
-160577.135    -3.454    -0.53    2.15
-160201.072    -3.151     0.81    2.02
-159825.004    -3.071     0.21    1.66
-159448.930    -2.881     0.50    1.63
-159072.851    -3.029    -0.39    1.87
-158696.767    -3.604    -1.53    1.55
-158320.677    -3.746    -0.38    1.34
-157944.582    -4.379    -1.68    1.52
-157568.481    -4.820    -1.17    1.60
-157192.375    -5.152    -0.88    1.50
-156816.264    -5.512    -0.96    1.46
-156440.147    -5.589    -0.20    1.45
-156064.024    -5.692    -0.27    1.52
-155687.897    -6.074    -1.02    1.56
-155311.764    -6.429    -0.94    1.60
-154935.625    -6.476    -0.13    1.61
-154559.481    -6.715    -0.64    1.61
-154183.332    -6.820    -0.28    1.48
-153807.177    -7.095    -0.73    1.38
-153431.017    -6.692     1.07    1.61
-153054.852    -6.341     0.93    1.62
-152678.681    -6.179     0.43    1.59
-152302.504    -5.794     1.02    1.53
-151926.322    -5.719     0.20    1.56
-151550.135    -5.512     0.55    1.49
-151173.943    -5.179     0.89    1.79
-150797.744    -5.341    -0.43    1.40
-150421.541    -5.204     0.36    1.51
-150045.332    -5.449    -0.65    1.54
-149669.118    -5.461    -0.03    1.65
-149292.898    -5.574    -0.30    1.67
-148916.672    -5.717    -0.38    1.41
-148540.442    -5.584     0.35    1.28
-148164.206    -5.354     0.61    1.34
-147787.964    -5.337     0.05    1.33
-147411.717    -5.512    -0.47    1.45
-147035.464    -5.758    -0.65    1.39
-146659.206    -6.152    -1.05    1.40
-146282.943    -6.102     0.13    1.31
-145906.674    -6.025     0.20    1.31
-145530.400    -5.611     1.10    1.72
-145154.120    -5.746    -0.36    1.88
-144777.835    -5.854    -0.29    1.76
-144401.544    -5.204     1.73    2.80
-144025.248    -5.081     0.33    2.91
-143648.946    -4.314     2.04    2.85
-143272.639    -4.529    -0.57    2.71
-142896.326    -4.758    -0.61    1.85
-142520.008    -4.600     0.42    1.81
-142143.685    -4.389     0.56    2.00
-141767.356    -4.333     0.15    1.91
-141391.021    -4.079     0.67    1.85
-141014.681    -3.995     0.22    1.74
-140638.336    -4.129    -0.36    1.84
-140261.985    -3.731     1.06    2.10
-139885.628    -3.804    -0.19    2.12
-139509.267    -3.754     0.13    2.01
-139132.899    -4.098    -0.91    2.19
-138756.526    -4.503    -1.08    1.94
-138380.148    -4.773    -0.72    1.77
-138003.764    -5.079    -0.81    1.65
-137627.374    -5.204    -0.33    1.51
-137250.980    -5.341    -0.36    1.28
-136874.579    -5.279     0.17    1.28
-136498.173    -5.363    -0.22    1.23
-136121.762    -5.600    -0.63    1.43
-135745.345    -5.679    -0.21    1.47
-135368.923    -5.820    -0.37    1.63
-134992.495    -6.051    -0.61    1.45
-134616.061    -6.021     0.08    1.50
-134239.622    -6.179    -0.42    1.45
-133863.178    -6.233    -0.14    1.22
-133486.728    -6.130     0.27    1.32
-133110.272    -6.281    -0.40    1.45
-132733.811    -5.957     0.86    1.59
-132357.344    -5.827     0.34    1.77
-131980.872    -6.047    -0.58    1.76
-131604.395    -5.692     0.94    1.92
-131227.912    -5.743    -0.14    1.92
-130851.423    -5.638     0.28    1.80
-130474.929    -5.512     0.33    1.51
-130098.429    -5.341     0.45    1.32
-129721.923    -5.337     0.01    1.70
-129345.413    -5.454    -0.31    1.96
-128968.896    -5.206     0.66    2.15
-128592.374    -5.252    -0.12    1.86
-128215.847    -5.204     0.13    1.99
-127839.314    -5.025     0.48    1.63
-127462.775    -4.800     0.60    1.92
-127086.231    -4.692     0.29    1.96
-126709.681    -4.769    -0.20    1.82
-126333.126    -4.901    -0.35    1.88
-125956.565    -5.358    -1.21    1.64
-125579.999    -5.584    -0.60    1.36
-125203.427    -5.554     0.08    1.39
-124826.849    -5.410     0.38    1.33
-124450.266    -5.007     1.07    1.42
-124073.677    -4.611     1.05    1.71
-123697.083    -4.773    -0.43    1.76
-123320.483    -4.547     0.60    1.65
-122944.602    -4.729    -0.48    1.40
-122569.098    -5.260    -1.41    1.50
-122193.589    -4.879     1.01    1.77
-121818.074    -4.717     0.43    1.62
-121442.554    -4.574     0.38    1.50
-121067.028    -4.758    -0.49    1.35
-120691.497    -4.794    -0.10    1.41
-120315.960    -4.679     0.31    1.54
-119940.418    -4.547     0.35    1.68
-119564.870    -4.479     0.18    1.74
-119189.316    -4.389     0.24    1.49
-118813.757    -4.629    -0.64    1.40
-118438.192    -4.404     0.60    1.87
-118062.622    -4.314     0.24    1.81
-117687.046    -4.665    -0.94    1.79
-117311.465    -4.963    -0.79    1.62
-116935.878    -5.281    -0.85    1.37
-116560.286    -5.504    -0.59    1.46
-116184.687    -5.837    -0.89    1.49
-115809.084    -5.829     0.02    1.83
-115433.475    -6.152    -0.86    1.66
-115057.860    -5.897     0.68    1.64
-114682.239    -5.615     0.75    1.64
-114306.613    -5.337     0.74    1.98
-113930.982    -5.076     0.69    2.11
-113555.344    -5.363    -0.76    2.17
-113179.702    -5.429    -0.18    2.06
-112804.053    -5.476    -0.13    1.73
-112428.399    -5.329     0.39    1.90
-112052.740    -5.126     0.54    1.87
-111677.075    -4.963     0.44    1.72
-111301.404    -4.800     0.43    1.52
-110925.728    -4.579     0.59    1.59
-110550.046    -4.384     0.52    1.49
-110174.358    -4.666    -0.75    1.97
-109798.665    -4.665     0.00    2.14
-109422.966    -4.410     0.68    2.19
-109047.262    -4.262     0.39    2.08
-108671.552    -4.127     0.36    1.86
-108295.836    -4.504    -1.00    1.56
-107920.115    -4.530    -0.07    1.67
-107544.388    -4.154     1.00    1.78
-107168.655    -3.897     0.68    1.96
-106792.917    -3.486     1.09    1.98
-106417.173    -3.044     1.18    2.15
-106041.424    -3.486    -1.18    2.53
-105665.669    -3.098     1.03    2.36
-105289.908    -3.284    -0.50    2.62
-104914.142    -2.829     1.21    2.39
-104538.370    -2.579     0.67    2.48
-104162.592    -2.384     0.52    2.26
-103786.809    -2.284     0.27    2.30
-103411.020    -2.416    -0.35    2.41
-103035.226    -2.800    -1.02    2.37
-102659.426    -3.790    -2.63    1.96
-102283.620    -4.279    -1.30    1.45
-101907.809    -3.692     1.56    2.14
-101531.991    -3.442     0.66    2.25
-101156.169    -2.974     1.25    2.53
-100780.340    -2.794     0.48    2.82
-100404.506    -3.079    -0.76    2.78
-100028.667    -3.258    -0.48    2.75
 -99652.821    -3.051     0.55    2.58
 -99276.970    -3.449    -1.06    2.02
 -98901.113    -3.281     0.45    1.92
 -98525.251    -3.979    -1.86    1.73
 -98149.383    -3.929     0.13    1.93
 -97773.509    -3.800     0.34    2.19
 -97397.630    -3.314     1.29    2.47
 -97021.745    -2.800     1.37    2.44
 -96645.854    -2.256     1.45    2.39
 -96269.958    -1.807     1.19    2.24
 -95894.055    -2.104    -0.79    2.13
 -95518.148    -2.074     0.08    2.15
 -95142.234    -2.468    -1.05    2.30
 -94766.315    -2.717    -0.66    2.35
 -94390.390    -2.600     0.31    2.24
 -94014.460    -2.922    -0.86    2.15
 -93638.523    -2.666     0.68    2.14
 -93262.581    -3.079    -1.10    2.15
 -92886.634    -3.179    -0.27    2.16
 -92510.680    -3.127     0.14    2.00
 -92134.721    -3.256    -0.34    2.03
 -91758.757    -3.040     0.57    2.06
 -91382.786    -3.179    -0.37    1.97
 -91006.810    -3.968    -2.10    2.27
 -90630.828    -4.179    -0.56    2.70
 -90254.841    -4.538    -0.95    3.84
 -89878.847    -3.542     2.65    4.08
 -89502.848    -2.626     2.44    3.62
 -89126.844    -2.589     0.10    2.76
 -88750.833    -1.600     2.63    2.87
 -88374.817    -0.979     1.65    3.03
 -87998.795    -0.449     1.41    2.70
 -87622.767    -0.520    -0.19    2.74
 -87246.734    -1.076    -1.48    2.95
 -86870.695    -1.102    -0.07    2.95
 -86494.650    -1.152    -0.13    3.02
 -86118.600    -1.230    -0.21    2.69
 -85742.543    -0.974     0.68    2.32
 -85366.481    -1.345    -0.99    2.06
 -84990.414    -1.589    -0.65    2.04
 -84614.340    -1.476     0.30    1.79
 -84238.261    -1.604    -0.34    1.66
 -83862.176    -1.554     0.13    1.55
 -83486.085    -1.436     0.31    1.85
 -83109.989    -1.260     0.47    1.52
 -82733.886    -1.152     0.29    1.36
 -82357.778    -0.995     0.42    1.23
 -81981.665    -0.554     1.17    1.46
 -81605.545    -0.368     0.49    1.52
 -81229.420    -0.279     0.24    1.43
 -80853.289    -0.256     0.06    1.31
 -80477.152     0.092     0.92    1.19
 -80101.010     0.001    -0.24    1.12
 -79724.861     0.155     0.41    1.15
 -79348.707     0.565     1.09    1.39
 -78972.547     0.821     0.68    1.41
 -78596.382     1.346     1.40    1.48
 -78220.210     1.742     1.05    1.51
 -77844.033     1.894     0.40    1.42
 -77467.850     1.921     0.07    1.45
 -77091.661     2.127     0.55    1.47
 -76715.467     2.092    -0.09    1.39
 -76339.267     1.740    -0.93    1.38
 -75963.061     1.514    -0.60    1.62
 -75586.849     1.257    -0.68    1.57
 -75210.631     1.200    -0.15    1.48
 -74834.407     1.026    -0.46    1.40
 -74458.178     1.058     0.08    1.38
 -74081.943     1.092     0.09    1.35
 -73705.702     1.046    -0.12    1.39
 -73329.456     1.064     0.05    1.32
 -72953.203     1.196     0.35    1.39
 -72576.945     1.111    -0.23    1.31
 -72200.681     0.821    -0.77    1.24
 -71824.411     0.902     0.22    1.26
 -71448.135     0.846    -0.15    1.15
 -71071.854     0.795    -0.13    1.17
 -70695.566     0.960     0.44    1.15
 -70319.273     1.052     0.24    1.18
 -69942.974     1.242     0.51    1.18
 -69566.670     1.231    -0.03    1.07
 -69190.359     1.411     0.48    1.19
 -68814.043     1.682     0.72    1.05
 -68437.720     1.848     0.44    1.12
 -68061.392     1.983     0.36    0.96
 -67685.058     2.180     0.52    0.90
 -67308.719     2.114    -0.18    1.01
 -66932.373     2.281     0.44    1.19
 -66556.022     2.071    -0.56    1.45
 -66179.664     2.026    -0.12    1.49
 -65803.301     2.084     0.15    1.48
 -65426.932     1.663    -1.12    1.65
 -65050.558     1.488    -0.47    1.69
 -64674.177     1.871     1.02    1.83
 -64297.790     2.558     1.82    2.38
 -63921.398     3.046     1.30    2.28
 -63545.000     2.979    -0.18    2.64
 -63168.596     2.968    -0.03    2.59
 -62792.186     1.671    -3.44    2.80
 -62415.770    -0.044    -4.56    3.77
 -62039.349    -1.800    -4.67    4.04
 -61662.921    -4.341    -6.75    1.86
 -61286.488    -4.820    -1.27    1.42
 -60910.049    -4.922    -0.27    1.21
 -60533.604    -4.600     0.86    1.60
 -60157.153    -4.717    -0.31    1.47
 -59780.696    -4.810    -0.25    1.36
 -59404.233    -4.746     0.17    1.28
 -59027.765    -4.029     1.91    2.06
 -58651.290    -3.626     1.07    2.25
 -58274.810    -3.079     1.45    2.38
 -57898.324    -2.495     1.55    2.65
 -57521.831    -2.579    -0.22    2.64
 -57145.333    -2.800    -0.59    2.77
 -56768.830    -3.106    -0.81    2.42
 -56392.320    -2.820     0.76    2.48
 -56015.804    -2.095     1.92    2.41
 -55639.283    -1.521     1.53    2.25
 -55262.755    -1.881    -0.96    2.38
 -54886.222    -2.435    -1.47    2.34
 -54509.683    -2.717    -0.75    2.35
 -54133.137    -2.290     1.13    2.29
 -53756.586    -2.098     0.51    2.31
 -53380.029    -2.287    -0.50    2.31
 -53003.467    -2.363    -0.20    2.24
 -52626.898    -2.447    -0.22    2.06
 -52250.323    -2.071     1.00    2.26
 -51873.742    -1.329     1.97    1.94
 -51497.156    -0.615     1.90    2.19
 -51120.563    -0.337     0.74    2.09
 -50743.965    -0.363    -0.07    1.87
 -50367.361    -0.486    -0.33    1.85
 -49990.751    -1.004    -1.37    1.08
 -49614.134    -1.100    -0.26    0.88
 -49237.512    -1.204    -0.28    0.83
 -48860.884    -0.758     1.18    1.08
 -48484.251    -0.276     1.28    1.09
 -48107.611    -0.004     0.72    1.13
 -47732.050     0.516     1.38    1.19
 -47356.584     0.848     0.89    1.34
 -46981.112     1.037     0.50    1.47
 -46605.635     0.898    -0.37    1.46
 -46230.151     0.847    -0.14    1.42
 -45854.662     0.479    -0.98    1.19
 -45479.166     0.671     0.51    1.21
 -45103.665     0.716     0.12    1.13
 -44728.158     0.584    -0.35    1.13
 -44352.645     0.771     0.50    1.13
 -43977.126     0.716    -0.15    1.37
 -43601.601     1.155     1.17    1.68
 -43226.070     1.953     2.13    2.00
 -42850.533     1.621    -0.88    2.32
 -42474.990     0.632    -2.63    1.96
 -42099.442    -0.008    -1.70    1.46
 -41723.887    -0.307    -0.80    1.47
 -41348.327    -0.368    -0.16    1.24
 -40972.760    -0.449    -0.22    1.07
 -40597.188    -0.521    -0.19    1.15
 -40221.610    -0.820    -0.80    1.14
 -39846.025    -0.974    -0.41    1.30
 -39470.435    -1.231    -0.69    1.18
 -39094.839    -1.363    -0.35    1.25
 -38719.237    -1.290     0.19    1.21
 -38343.629    -0.922     0.98    1.19
 -37968.015    -0.349     1.53    1.36
 -37592.395     0.005     0.94    1.52
 -37216.769     0.821     2.17    1.20
 -36841.137     1.001     0.48    1.17
 -36465.500     1.052     0.14    1.20
 -36089.856     1.137     0.23    1.09
 -35714.206     1.231     0.25    1.16
 -35338.550     1.058    -0.46    1.32
 -34962.889     0.979    -0.21    1.28
 -34587.221     1.146     0.44    1.27
 -34211.548     1.421     0.73    1.94
 -33835.868     2.334     2.43    2.62
 -33460.183     2.794     1.22    2.46
 -33084.491     2.929     0.36    2.20
 -32708.794     3.335     1.08    2.39
 -32333.090     3.432     0.26    2.13
 -31957.381     3.146    -0.76    1.79
 -31581.665     2.846    -0.80    1.83
 -31205.944     2.335    -1.36    1.66
 -30830.217     1.949    -1.03    1.44
 -30454.483     1.926    -0.06    1.47
 -30078.744     1.671    -0.68    1.44
 -29702.999     1.796     0.33    1.29
 -29327.247     2.052     0.68    1.27
 -28951.490     3.005     2.54    2.06
 -28575.727     4.308     3.47    2.81
 -28199.957     5.321     2.70    2.89
 -27824.182     6.210     2.37    2.72
 -27448.400     5.742    -1.24    2.92
 -27072.613     5.321    -1.12    2.49
 -26696.820     4.505    -2.17    1.97
 -26321.020     4.180    -0.87    1.71
 -25945.215     4.078    -0.27    1.67
 -25569.404     3.471    -1.62    1.49
 -25193.586     3.719     0.66    1.41
 -24817.763     3.632    -0.23    1.20
 -24441.933     3.488    -0.38    1.15
 -24066.098     3.524     0.10    1.02
 -23690.256     3.382    -0.38    1.00
 -23314.409     3.411     0.08    0.88
 -22938.555     3.257    -0.41    0.82
 -22562.696     3.163    -0.25    0.94
 -22186.830     3.096    -0.18    1.06
 -21810.958     3.231     0.36    1.23
 -21435.080     3.405     0.46    1.38
 -21059.197     3.693     0.77    1.28
 -20683.307     4.190     1.32    1.89
 -20307.411     4.171    -0.05    2.30
 -19931.509     4.180     0.02    2.38
 -19555.601     3.964    -0.57    2.45
 -19179.687     3.875    -0.24    2.01
 -18803.767     4.742     2.31    1.65
 -18427.841     5.005     0.70    1.33
 -18051.909     4.968    -0.10    1.37
 -17675.971     5.173     0.55    1.27
 -17300.027     5.371     0.53    1.30
 -16924.076     5.231    -0.37    1.31
 -16548.120     4.979    -0.67    1.39
 -16172.158     4.769    -0.56    1.27
 -15796.189     4.642    -0.34    1.12
 -15420.214     4.360    -0.75    0.94
 -15044.234     4.295    -0.17    0.92
 -14668.247     4.196    -0.26    1.00
 -14292.254     4.281     0.22    0.99
 -13916.255     4.480     0.53    0.96
 -13540.251     4.721     0.64    1.58
 -13164.239     4.956     0.63    2.04
 -12788.222     5.335     1.01    2.06
 -12412.199     5.227    -0.29    2.17
 -12036.170     4.462    -2.03    2.25
 -11660.134     3.206    -3.34    2.34
 -11284.093     2.111    -2.91    2.44
 -10908.045     1.231    -2.34    2.49
 -10531.992     1.005    -0.60    2.91
 -10155.932     1.979     2.59    3.05
  -9779.866     3.571     4.23    3.06
  -9403.794     4.389     2.17    2.27
  -9027.716     4.616     0.60    2.10
  -8651.632     4.190    -1.13    1.76
  -8275.542     3.462    -1.93    1.39
  -7899.445     3.037    -1.13    1.20
  -7523.343     2.921    -0.31    0.96
  -7147.234     2.795    -0.34    0.94
  -6771.119     2.926     0.35    0.89
  -6394.999     2.847    -0.21    0.90
  -6018.872     2.659    -0.50    0.99
  -5642.739     2.949     0.77    1.08
  -5266.599     3.796     2.25    1.94
  -4890.454     5.092     3.45    2.77
  -4514.303     7.389     6.11    3.19
  -4138.145     8.905     4.03    2.63
  -3761.981     9.321     1.11    2.33
  -3385.811     9.138    -0.49    2.64
  -3009.635     9.032    -0.28    2.68
  -2633.453     8.396    -1.69    2.74
  -2257.265     8.453     0.15    2.67
  -1881.071     8.246    -0.55    2.41
  -1504.870     6.462    -4.74    4.41
  -1128.663     4.103    -6.27    5.17
   -752.450     1.084    -8.02    4.18
   -376.231    -1.051    -5.67    0.80
     -0.006    -0.629     1.12    2.21
    376.225     1.956     6.87    5.13
    752.463     4.821     7.61    5.67
   1128.706     7.216     6.36    4.64
   1504.956     8.637     3.78    3.22
   1881.212     8.524    -0.30    2.94
   2257.474     8.307    -0.58    2.89
   2633.742     7.590    -1.90    3.14
   3010.017     7.196    -1.05    2.98
   3386.297     6.532    -1.77    2.89
   3762.584     6.026    -1.34    2.50
   4138.877     5.877    -0.40    2.56
   4515.176     5.078    -2.12    1.97
   4891.482     4.796    -0.75    1.90
   5267.793     4.308    -1.30    1.46
   5644.111     5.021     1.90    2.32
   6020.435     5.565     1.44    2.77
   6396.765     6.121     1.48    2.93
   6773.101     5.795    -0.87    3.21
   7149.443     5.257    -1.43    3.02
   7525.792     4.632    -1.66    2.60
   7902.147     4.348    -0.76    2.29
   8278.508     5.206     2.28    2.83
   8654.875     6.988     4.73    3.80
   9031.248     9.385     6.37    4.95
   9407.628    12.505     8.29    4.86
   9784.014    14.551     5.43    4.19
  10160.406    16.092     4.09    3.37
  10536.804    17.599     4.01    2.22
  10913.209    17.196    -1.07    2.32
  11289.619    16.721    -1.26    2.13
  11666.036    16.242    -1.27    2.06
  12042.459    16.096    -0.39    2.40
  12418.889    16.611     1.37    2.35
  12795.324    16.371    -0.64    2.87
  13171.766    16.411     0.11    3.00
  13548.214    15.975    -1.16    2.91
  13924.668    15.111    -2.30    2.39
  14301.129    14.949    -0.43    2.67
  14677.595    15.065     0.31    2.83
  15054.068    15.266     0.53    2.69
  15430.547    16.396     3.00    3.41
  15807.033    18.137     4.62    3.55
  16183.524    19.216     2.87    3.65
  16560.022    20.295     2.87    3.65
  16936.526    21.450     3.07    3.34
  17313.037    20.437    -2.69    3.55
  17689.553    20.180    -0.68    3.41
  18066.076    20.111    -0.18    3.12
  18442.605    20.898     2.09    2.49
  18819.141    21.738     2.23    2.50
  19195.682    21.693    -0.12    2.97
  19572.230    21.421    -0.72    3.32
  19948.784    21.295    -0.34    3.47
  20325.345    21.221    -0.20    2.87
  20701.911    21.078    -0.38    2.63
  21078.484    20.539    -1.43    2.44
  21455.063    20.488    -0.14    2.32
  21831.649    20.437    -0.14    1.82
  22208.241    21.111     1.79    2.36
  22584.839    21.400     0.77    2.38
  22961.443    21.796     1.05    2.38
  23338.053    21.877     0.22    2.25
  23714.670    22.975     2.92    3.19
  24091.293    25.321     6.23    4.18
  24467.923    26.983     4.41    3.84
  24844.559    29.848     7.61    4.15
  25221.201    32.905     8.11    5.63
  25597.849    33.996     2.90    5.32
  25974.503    36.446     6.50    5.37
  26351.164    38.453     5.33    5.28
  26727.831    41.488     8.06    6.11
  27104.291    45.400    10.39    6.12
  27479.716    46.896     3.98    4.23
  27855.148    46.924     0.07    3.15
  28230.586    45.005    -5.11    3.86
  28606.030    42.744    -6.02    4.10
  28981.481    41.590    -3.07    4.70
  29356.938    41.138    -1.20    6.24
  29732.401    40.497    -1.71    7.19
  30107.870    42.308     4.82    8.27
  30483.346    44.532     5.92    7.96
  30858.828    46.949     6.44    6.55
  31234.316    47.180     0.61    4.66
  31609.810    46.057    -2.99    4.65
  31985.311    43.103    -7.86    4.81
  32360.818    41.129    -5.26    2.96
  32736.331    39.795    -3.55    3.77
  33111.851    37.103    -7.17    5.59
  33487.377    34.335    -7.37    6.23
  33862.909    30.821    -9.36    5.66
  34238.447    27.770    -8.13    4.88
  34613.992    25.821    -5.19    5.21
  34989.543    24.257    -4.16    4.48
  35365.101    24.180    -0.20    3.79
  35740.664    25.308     3.00    3.79
  36116.234    25.956     1.73    3.93
  36491.810    26.385     1.14    3.50
  36867.393    26.443     0.15    3.47
  37242.982    28.514     5.51    5.47
  37618.577    32.196     9.81    7.20
  37994.179    35.988    10.10    7.50
  38369.786    40.578    12.22    7.04
  38745.400    45.200    12.30    7.07
  39121.021    49.078    10.32    5.83
  39496.648    52.446     8.97    4.37
  39872.281    55.524     8.19    4.73
  40247.920    59.946    11.77    7.29
  40623.566    62.565     6.97    6.61
  40999.218    64.032     3.91    6.49
  41374.877    65.921     5.03    8.84
  41750.541    68.565     7.04   10.29
  42126.212    69.770     3.21   10.61
  42501.890    70.111     0.91   11.34
  42877.574    69.046    -2.83   10.16
  43253.264    66.848    -5.85    8.17
  43628.960    65.333    -4.03    6.29
  44004.663    63.385    -5.19    3.95
  44380.372    61.686    -4.52    2.72
  44756.088    60.956    -1.94    2.86
  45131.809    61.058     0.27    3.57
  45507.538    61.078     0.05    3.90
  45883.272    62.103     2.73    5.67
  46259.013    61.426    -1.80    6.32
  46634.760    61.163    -0.70    7.46
  47010.514    60.238    -2.46    7.92
  47386.274    56.693    -9.43    7.13
  47762.040    53.651    -8.10    7.24
  48137.813    51.281    -6.31    7.32
  48513.592    45.121   -16.39    7.92
  48889.378    40.190   -13.12    7.24
  49265.169    35.873   -11.49    6.57
  49640.968    30.231   -15.01    5.63
  50016.772    26.206   -10.71    6.26
  50392.583    22.558    -9.71    5.36
  50768.401    19.821    -7.28    4.84
  51144.224    19.071    -2.00    4.62
  51520.055    19.599     1.40    3.79
  51895.891    19.924     0.86    3.54
  52271.734    20.716     2.11    2.92
  52647.583    20.146    -1.52    3.15
  53023.439    20.200     0.14    3.35
  53399.301    20.821     1.65    3.92
  53775.170    21.046     0.60    4.26
  54151.045    22.437     3.70    4.27
  54526.926    23.084     1.72    3.94
  54902.814    23.026    -0.15    3.60
  55278.708    23.005    -0.06    4.10
  55654.608    20.796    -5.88    4.13
  56030.515    19.616    -3.14    4.07
  56406.429    20.488     2.32    4.32
  56782.348    21.821     3.55    5.37
  57158.275    23.719     5.05    4.91
  57534.207    24.260     1.44    4.09
  57910.146    23.281    -2.61    3.78
  58286.092    21.924    -3.61    2.85
  58662.044    20.637    -3.42    3.07
  59038.002    18.488    -5.72    4.00
  59413.967    16.206    -6.07    4.54
  59789.938    12.968    -8.61    3.99
  60165.915    10.744    -5.92    3.32
  60541.900     9.308    -3.82    2.66
  60917.890     8.953    -0.95    2.75
  61293.887     9.642     1.83    2.83
  61669.890    10.740     2.92    2.51
  62045.900    10.797     0.15    2.24
  62421.916    10.308    -1.30    2.16
  62797.939     9.663    -1.72    2.39
  63173.968     8.873    -2.10    2.18
  63550.004     7.873    -2.66    2.43
  63926.046     7.771    -0.27    2.24
  64302.094     8.334     1.50    2.32
  64678.149     8.488     0.41    2.43
  65054.211     8.795     0.82    2.41
  65430.279     7.996    -2.12    2.22
  65806.353     7.221    -2.06    1.22
  66182.434     6.960    -0.69    1.05
  66558.521     7.064     0.28    1.06
  66934.615     7.227     0.43    1.01
  67310.715     7.163    -0.17    1.02
  67686.822     7.308     0.39    1.25
  68062.935     7.488     0.48    1.24
  68439.055     7.667     0.48    1.31
  68815.181     7.558    -0.29    1.35
  69191.314     7.690     0.35    1.32
  69567.453     7.796     0.28    1.35
  69943.599     7.975     0.48    1.35
  70319.751     7.896    -0.21    1.38
  70695.909     7.873    -0.06    1.23
  71072.074     7.596    -0.73    1.23
  71448.246     7.713     0.31    1.07
  71824.424     8.121     1.08    1.56
  72200.609     8.514     1.04    1.66
  72576.800     9.266     2.00    1.32
  72952.997     8.949    -0.84    1.84
  73329.201     8.584    -0.97    2.06
  73705.412     8.696     0.30    2.10
  74081.629     8.667    -0.08    2.62
  74457.853     9.127     1.22    2.96
  74834.083     9.740     1.63    2.98
  75210.320     9.389    -0.93    3.07
  75586.563     9.283    -0.28    2.20
  75962.813     8.870    -1.10    1.94
  76339.069     8.470    -1.06    1.16
  76715.332     8.421    -0.13    1.22
  77091.601     8.283    -0.37    1.27
  77467.877     8.411     0.34    1.43
  77844.159     8.283    -0.34    1.39
  78220.448     8.514     0.61    1.36
  78596.743     8.421    -0.25    1.45
  78973.045     8.190    -0.62    1.58
  79349.354     8.346     0.42    1.55
  79725.669     8.470     0.33    1.44
  80101.990     8.602     0.35    1.08
  80478.318     8.949     0.92    1.15
  80854.653     9.254     0.81    1.28
  81230.994    10.092     2.23    1.56
  81607.342    11.092     2.66    1.61
  81983.696    12.078     2.62    1.82
  82360.057    13.078     2.66    1.63
  82736.425    13.719     1.70    1.67
  83112.799    14.693     2.59    1.96
  83489.179    16.037     3.57    2.35
  83865.566    17.514     3.92    2.51
  84241.960    19.090     4.19    2.17
  84618.360    20.470     3.67    2.11
  84994.767    21.246     2.06    2.22
  85371.181    22.111     2.30    2.34
  85747.601    23.437     3.52    2.69
  86124.027    24.795     3.61    2.03
  86500.460    25.371     1.53    1.84
  86876.900    25.514     0.38    1.61
  87253.346    25.565     0.14    1.76
  87629.799    25.571     0.02    1.71
  88006.259    26.032     1.22    1.63
  88382.725    26.121     0.24    1.47
  88759.197    26.071    -0.13    1.45
  89135.677    25.988    -0.22    1.32
  89512.162    26.389     1.06    1.46
  89888.655    27.043     1.74    1.46
  90265.154    27.096     0.14    1.55
  90641.659    27.696     1.59    1.70
  91018.172    27.926     0.61    1.81
  91394.691    28.021     0.25    1.74
  91771.216    28.295     0.73    1.54
  92147.748    28.411     0.31    1.43
  92524.287    28.271    -0.37    1.62
  92900.832    28.295     0.06    1.74
  93277.384    27.744    -1.46    2.04
  93653.942    27.058    -1.82    2.52
  94030.508    26.071    -2.62    2.39
  94407.079    24.686    -3.68    2.39
  94783.658    23.671    -2.70    2.97
  95160.243    21.975    -4.50    2.99
  95536.834    20.874    -2.92    2.61
  95913.433    19.616    -3.34    2.27
  96290.038    18.137    -3.93    2.99
  96666.649    16.026    -5.60    4.67
  97043.267    12.667    -8.92    5.04
  97419.892     9.794    -7.63    3.69
  97796.524     8.200    -4.23    1.16
  98173.162     8.470     0.72    1.14
  98549.806     8.696     0.60    1.09
  98926.458     8.553    -0.38    1.12
  99303.116     8.558     0.01    1.22
  99679.781     8.421    -0.36    1.85
 100056.452     8.374    -0.13    2.02
 100433.130     7.771    -1.60    2.23
 100809.815     7.385    -1.02    2.28
 101186.506     6.693    -1.84    1.38
 101563.204     6.874     0.48    1.21
 101939.909     7.032     0.42    1.04
 102316.058     7.196     0.44    1.13
 102691.445     7.470     0.73    1.40
 103066.838     7.504     0.09    1.92
 103442.238     7.052    -1.20    2.29
 103817.644     7.335     0.75    2.55
 104193.057     7.227    -0.29    2.34
 104568.476     7.364     0.37    2.37
 104943.902     8.180     2.17    2.29
 105319.335     8.642     1.23    2.32
 105694.775     9.716     2.86    2.12
 106070.221    10.667     2.53    1.73
 106445.673    11.210     1.45    1.69
 106821.133    13.321     5.62    3.43
 107196.599    14.924     4.27    3.73
 107572.071    17.321     6.39    3.40
 107947.550    19.446     5.66    1.90
 108323.036    19.514     0.18    1.72
 108698.529    19.744     0.61    1.56
 109074.028    20.190     1.19    2.54
 109449.534    20.642     1.20    3.33
 109825.047    20.479    -0.43    3.16
 110200.566    20.283    -0.52    2.49
 110576.092    20.471     0.50    1.53
 110951.624    20.377    -0.25    1.80
 111327.163    20.084    -0.78    2.13
 111702.709    20.470     1.03    2.03
 112078.262    20.632     0.43    2.05
 112453.821    20.924     0.78    2.11
 112829.387    21.278     0.94    1.88
 113204.959    21.571     0.78    2.34
 113580.539    21.770     0.53    2.35
 113956.125    21.374    -1.05    1.98
 114331.717    21.488     0.30    1.92
 114707.317    21.616     0.34    1.69
 115082.922    22.129     1.37    1.72
 115458.535    22.821     1.84    2.19
 115834.154    22.821     0.00    2.31
 116209.781    22.242    -1.54    2.64
 116585.413    22.211    -0.08    2.72
 116961.053    21.873    -0.90    2.46
 117336.699    22.043     0.46    2.51
 117712.352    22.926     2.35    2.69
 118088.011    25.032     5.60    3.53
 118463.677    26.847     4.83    3.68
 118839.350    29.360     6.69    3.84
 119215.030    31.374     5.36    3.24
 119590.716    33.037     4.43    3.13
 119966.410    34.146     2.95    3.60
 120342.109    34.078    -0.18    3.58
 120717.816    34.306     0.61    3.55
