# NaN NaN NaN ;Mean Elev.(m), Avg Gradient(m/km), RMS Gradient(m/km) - SRTM1     
#   -6.067  -2.583   5.824 ;Mean Elev.(m), Avg Gradient(m/km), RMS Gradient(m/km) - ASTER GDEM
#   11.215  -2.344   5.249 ;Mean Elev.(m), Avg Gradient(m/km), RMS Gradient(m/km) - GMTED2010 
  8    17.218 52478.61737740 15.60 105.907904  12.258119 22.693
  8    16.575 52478.61737805 16.08 105.907154  12.261429 22.693
  8    16.389 52478.61737869 16.06 105.906414  12.264729 22.693
  8    18.017 52478.61737934 16.58 105.905664  12.268029 22.693
  9    20.295 52513.61732094 38.15 105.921899  12.258568 29.600
  9    20.321 52513.61732158 39.69 105.921149  12.261868 29.600
  9    20.256 52513.61732222 36.35 105.920399  12.265168 29.600
  9    20.230 52513.61732287 40.40 105.919649  12.268478 29.600
 10    18.311 52548.61736428 43.28 105.909294  12.258084 32.804
 10    18.406 52548.61736493 40.73 105.908544  12.261384 32.804
 10    18.379 52548.61736557 40.09 105.907804  12.264694 32.804
 10    18.455 52548.61736622 41.07 105.907054  12.267994 32.804
 11    18.211 52583.61736002 22.74 105.916692  12.259756 21.912
 11    11.702 52583.61736067 24.45 105.915942  12.263056 21.912
 11    11.843 52583.61736131 36.70 105.915192  12.266366 21.912
 12    16.484 52618.61733546 17.29 105.910890  12.257923 17.230
 12    15.519 52618.61733611 16.75 105.910140  12.261223 17.230
 12     9.272 52618.61733675 16.89 105.909390  12.264533 17.230
 12     9.001 52618.61733740 18.53 105.908640  12.267833 17.230
 13     8.610 52653.61731356 40.00 105.920769  12.260225 22.990
 13     7.402 52653.61731420 38.87 105.920019  12.263535 22.990
 13     7.550 52653.61731485 46.42 105.919269  12.266835 22.990
 14     6.411 52688.61731220 24.06 105.915121  12.258767 17.339
 14     6.563 52688.61731285 25.43 105.914371  12.262067 17.339
 14     6.496 52688.61731349 34.42 105.913621  12.265367 17.339
 15    20.032 52723.61735802 25.36 105.913083  12.259271 10.463
 15    19.317 52723.61735866 24.60 105.912333  12.262581 10.463
 15     6.389 52723.61735931 33.03 105.911583  12.265881 10.463
 16    20.088 52758.61737876 15.17 105.902159  12.258976 13.451
 16    19.182 52758.61737940 16.54 105.901409  12.262276 13.451
 16     5.764 52758.61738005 18.53 105.900659  12.265576 13.451
 17     9.257 52793.61733241 28.54 105.914668  12.260139 14.425
 17     9.311 52793.61733305 32.90 105.913918  12.263439 14.425
 17     9.320 52793.61733369 38.62 105.913168  12.266739 14.425
 18    10.679 52828.61739997 49.04 105.916597  12.260920 24.954
 18    10.720 52828.61740062 46.75 105.915847  12.264230 24.954
 18    10.706 52828.61740126 44.63 105.915097  12.267530 24.954
 19    14.470 52863.61744459 46.36 105.918981  12.260174 25.564
 19    14.341 52863.61744523 49.75 105.918231  12.263474 25.564
 19    14.508 52863.61744588 48.20 105.917481  12.266784 25.564
 20    19.469 52898.61747390 46.86 105.911718  12.258733 31.731
 20    19.542 52898.61747454 48.18 105.910968  12.262033 31.731
 20    19.583 52898.61747519 44.97 105.910218  12.265343 31.731
 21    17.610 52933.61741883 27.66 105.911312  12.259329 17.263
 21    17.348 52933.61741948 25.83 105.910562  12.262629 17.263
 21    16.803 52933.61742012 25.72 105.909812  12.265939 17.263
 22     7.944 52968.61742939 18.63 105.912669  12.260231 18.849
 22     8.271 52968.61743004 20.49 105.911919  12.263541 18.849
 22     8.034 52968.61743068 26.21 105.911169  12.266841 18.849
 23     6.526 53003.61745043 50.60 105.906812  12.257725 19.546
 23     6.529 53003.61745107 49.42 105.906062  12.261025 19.546
 23     6.620 53003.61745172 49.99 105.905312  12.264325 19.546
 23     6.508 53003.61745236 49.67 105.904562  12.267635 19.546
 24     6.053 53038.61740034 48.40 105.909799  12.260350 20.182
 24     6.049 53038.61740098 46.01 105.909049  12.263660 20.182
 24     6.042 53038.61740162 46.62 105.908299  12.266960 20.182
 25     5.498 53073.61742847 28.07 105.910736  12.259777 24.549
 25     5.682 53073.61742911 35.67 105.909986  12.263077 24.549
 25     5.745 53073.61742976 43.52 105.909236  12.266387 24.549
 26     5.305 53108.61740014 21.50 105.910626  12.259263 16.856
 26     5.577 53108.61740079 28.49 105.909876  12.262563 16.856
 26     5.494 53108.61740143 36.83 105.909126  12.265873 16.856
 27     6.324 53143.61743891 51.52 105.910701  12.260488 28.907
 27     6.317 53143.61743956 48.80 105.909951  12.263798 28.907
 27     6.291 53143.61744020 43.14 105.909201  12.267098 28.907
 28    18.440 53178.61745750 21.88 105.914996  12.260100 17.418
 28    17.744 53178.61745814 21.22 105.914246  12.263410 17.418
 28    11.937 53178.61745879 29.46 105.913496  12.266710 17.418
 29    15.132 53213.61747842 49.13 105.910833  12.259427 20.554
 29    15.160 53213.61747906 51.27 105.910083  12.262727 20.554
 29    15.154 53213.61747971 49.56 105.909333  12.266037 20.554
 30    18.179 53248.61744788 21.83 105.913878  12.261199 31.349
 30    18.223 53248.61744852 21.94 105.913128  12.264499 31.349
 30    18.546 53248.61744917 26.89 105.912378  12.267799 31.349
 31    15.128 53283.61744021 46.43 105.908040  12.257473 27.885
 31    15.045 53283.61744085 46.31 105.907290  12.260773 27.885
 31    14.956 53283.61744149 40.61 105.906540  12.264073 27.885
 31    15.036 53283.61744214 36.76 105.905784  12.267381 30.850
 32     9.202 53318.61743542 50.05 105.917229  12.258906 27.282
 32     9.100 53318.61743606 51.76 105.916479  12.262206 27.282
 32     8.974 53318.61743670 49.30 105.915729  12.265506 27.282
 33     7.463 53353.61740220 52.46 105.918856  12.260828 25.195
 33     7.444 53353.61740285 51.53 105.918106  12.264138 25.195
 33     7.472 53353.61740349 49.55 105.917356  12.267438 25.195
 34     6.317 53388.61740124 52.88 105.910625  12.260230 18.682
 34     6.426 53388.61740189 52.22 105.909875  12.263530 18.682
 34     6.365 53388.61740253 48.90 105.909125  12.266830 18.682
 35     8.837 53423.61740023 39.97 105.919877  12.258185 15.772
 35     6.981 53423.61740087 41.42 105.919127  12.261485 15.772
 35     5.970 53423.61740151 40.56 105.918377  12.264795 15.772
 35     5.981 53423.61740216 46.10 105.917627  12.268095 15.772
 36     6.360 53458.61740596 28.15 105.916593  12.260783  8.856
 36     5.937 53458.61740660 31.26 105.915843  12.264083  8.856
 36     6.006 53458.61740725 32.53 105.915093  12.267393  8.856
 37     7.450 53493.61749153 43.48 105.904963  12.259864 10.847
 37     6.492 53493.61749218 35.25 105.904213  12.263174 10.847
 37     6.021 53493.61749282 40.78 105.903463  12.266474 10.847
 38     6.305 53528.61746856 44.88 105.918559  12.258687 16.945
 38     6.334 53528.61746921 43.66 105.917809  12.261987 16.945
 38     6.386 53528.61746985 36.13 105.917059  12.265297 16.945
 38     6.426 53528.61747050 27.31 105.916309  12.268597 16.945
 39    13.730 53563.61749870 43.49 105.907169  12.258924 14.814
 39    13.020 53563.61749934 38.38 105.906419  12.262224 14.814
 39    12.954 53563.61749999 41.28 105.905669  12.265534 14.814
 40    20.108 53598.61743949 53.26 105.916969  12.261080 38.267
 40    20.200 53598.61744014 50.20 105.916219  12.264390 38.267
 40    20.020 53598.61744078 50.80 105.915469  12.267690 38.267
 42    12.734 53668.61745738 43.85 105.907685  12.260280 23.194
 42    11.922 53668.61745802 29.37 105.906935  12.263590 23.194
 42    18.791 53668.61745867 25.13 105.906185  12.266890 23.194
 43     9.163 53703.61739876 45.23 105.918595  12.261387 36.466
 43     9.295 53703.61739941 48.30 105.917845  12.264697 36.466
 43     9.210 53703.61740005 48.44 105.917095  12.267997 36.466
 44     7.488 53738.61730808 19.77 105.920167  12.261203 24.799
 44     7.410 53738.61730872 21.56 105.919417  12.264503 24.799
 44     7.450 53738.61730937 32.08 105.918667  12.267803 24.799
 45     7.880 53773.61732330 33.08 105.918798  12.258649 28.444
 45     6.826 53773.61732395 16.95 105.918048  12.261949 28.444
 45     6.333 53773.61732459 24.96 105.917298  12.265249 28.444
 45     6.387 53773.61732524 32.00 105.916548  12.268559 28.444
 46     6.990 53808.61730950 17.00 105.917587  12.260746 21.982
 46     6.153 53808.61731015 24.18 105.916837  12.264056 21.982
 46     6.023 53808.61731079 33.13 105.916087  12.267356 21.982
 48     6.523 53878.61737912 50.87 105.916194  12.258209 25.951
 48     6.316 53878.61737977 50.94 105.915444  12.261509 25.951
 48     6.333 53878.61738041 44.22 105.914694  12.264809 25.951
 48     6.441 53878.61738106 40.97 105.913944  12.268119 25.951
 49     8.120 53913.61743344 42.61 105.906471  12.257679 24.690
 49     7.936 53913.61743408 37.57 105.905721  12.260979 24.690
 49     7.765 53913.61743473 24.47 105.904971  12.264289 24.690
 49    17.728 53913.61743537 19.89 105.904221  12.267589 24.690
 50    19.930 53948.61744651 15.08 105.904464  12.259277 16.378
 50    19.511 53948.61744715 14.94 105.903714  12.262577 16.378
 50    18.998 53948.61744780 15.10 105.902964  12.265877 16.378
 51    20.179 53983.61738599 25.27 105.913689  12.257932 26.692
 51    18.133 53983.61738664 23.82 105.912939  12.261232 26.692
 51    18.685 53983.61738728 23.71 105.912199  12.264532 26.692
 51    18.950 53983.61738793 30.68 105.911449  12.267842 26.692
 52    18.568 54018.61741766 34.27 105.914053  12.257966 33.577
 52    18.520 54018.61741831 29.07 105.913303  12.261266 33.577
 52    18.296 54018.61741895 25.42 105.912553  12.264576 33.577
 52    18.619 54018.61741960 29.72 105.911803  12.267876 33.577
 53    11.715 54053.61740955 46.36 105.922130  12.259814 29.110
 53    10.400 54053.61741020 50.19 105.921380  12.263114 29.110
 53    10.396 54053.61741084 51.93 105.920630  12.266414 29.110
 54     7.122 54088.61740123 19.41 105.915449  12.259887 22.892
 54     7.545 54088.61740188 21.68 105.914709  12.263187 22.892
 54     7.694 54088.61740252 31.26 105.913959  12.266497 22.892
 55     6.135 54123.61732424 18.49 105.912757  12.259028 22.731
 55     6.279 54123.61732488 25.10 105.912007  12.262338 22.731
 55     6.335 54123.61732553 34.51 105.911257  12.265638 22.731
 56     5.826 54158.61736580 50.95 105.912563  12.259849 24.577
 56     5.840 54158.61736644 49.81 105.911813  12.263149 24.577
 56     5.904 54158.61736709 38.72 105.911063  12.266459 28.330
 57     5.773 54193.61732569 21.83 105.912354  12.260286 19.195
 57     5.755 54193.61732633 34.05 105.911604  12.263586 19.195
 57     5.648 54193.61732698 37.55 105.910854  12.266886 19.195
 58     6.295 54228.61737817 54.12 105.912542  12.260990 27.955
 58     6.392 54228.61737881 49.90 105.911792  12.264290 27.955
 58     6.245 54228.61737946 42.01 105.911042  12.267600 27.955
 59     7.459 54263.61739703 23.96 105.913168  12.261188 19.243
 59     7.588 54263.61739767 20.99 105.912418  12.264488 19.243
 59    18.456 54263.61739832 20.34 105.911668  12.267788 19.243
 60    12.175 54298.61740065 48.53 105.914509  12.259125 31.466
 60    12.232 54298.61740129 50.29 105.913759  12.262425 31.466
 60    12.275 54298.61740194 51.82 105.913009  12.265735 31.466
 61    18.130 54333.61739076 49.96 105.915155  12.260216 33.794
 61    18.041 54333.61739141 48.24 105.914405  12.263526 33.794
 61    18.067 54333.61739205 48.07 105.913655  12.266826 33.794
 63    18.315 54403.61733385 18.77 105.914408  12.258323 26.030
 63    17.242 54403.61733449 17.96 105.913661  12.261632 24.590
 63    16.520 54403.61733514 19.14 105.912911  12.264932 24.590
 63    18.431 54403.61733578 18.65 105.912161  12.268232 24.590
 64    16.600 54438.61729134 18.01 105.911046  12.260117 20.141
 64     8.925 54438.61729199 18.02 105.910296  12.263417 20.141
 64    15.349 54438.61729263 18.38 105.909546  12.266727 20.141
 65     7.113 54473.61732011 51.00 105.915154  12.259573 24.946
 65     6.971 54473.61732076 53.00 105.914404  12.262873 24.946
 65     7.024 54473.61732140 51.75 105.913654  12.266183 24.946
 66     6.110 54508.61730280 20.80 105.912439  12.261095 21.747
 66     6.211 54508.61730345 27.99 105.911689  12.264395 21.747
 66     6.270 54508.61730409 36.86 105.910939  12.267695 21.747
 67     5.978 54543.61733448 50.37 105.914718  12.259745 17.052
 67     6.279 54543.61733512 45.11 105.913969  12.263053 26.670
 67     5.924 54543.61733576 43.31 105.913219  12.266353 26.670
 68     5.863 54578.61730398 26.28 105.913499  12.258525 19.178
 68     6.157 54578.61730463 24.53 105.912749  12.261835 19.178
 68     6.074 54578.61730527 38.42 105.911999  12.265135 19.178
 69     9.025 54613.61732547 44.63 105.914419  12.260552 20.259
 69     8.907 54613.61732612 32.04 105.913670  12.263863 21.900
 69     9.292 54613.61732676 23.03 105.912920  12.267163 21.900
 70    11.669 54648.61733287 39.58 105.912504  12.259395 19.423
 70    11.509 54648.61733351 36.65 105.911754  12.262695 19.423
 70    11.543 54648.61733416 29.71 105.911004  12.266005 19.423
 71    17.373 54683.61733232 29.70 105.913669  12.260985 28.307
 71    17.123 54683.61733296 26.44 105.912919  12.264285 28.307
 71    17.074 54683.61733361 24.53 105.912172  12.267593 28.812
 72    15.650 54718.61727898 33.81 105.913638  12.257908 27.074
 72    15.818 54718.61727962 36.74 105.912888  12.261218 27.074
 72    15.881 54718.61728027 45.21 105.912138  12.264518 27.074
 72    15.932 54718.61728091 49.29 105.911388  12.267818 27.074
 73    14.504 54753.61730528 47.45 105.912780  12.260700 23.021
 73    14.453 54753.61730593 50.66 105.912029  12.264009 32.861
 73    14.537 54753.61730657 49.17 105.911279  12.267309 32.861
 74    17.492 54788.61727084 25.07 105.911744  12.260298 19.415
 74    19.225 54788.61727148 21.78 105.910988  12.263604 29.393
 74    12.404 54788.61727212 24.37 105.910238  12.266904 29.393
 75     8.240 54823.61730026 19.18 105.913432  12.260524 23.941
 75     8.315 54823.61730090 21.88 105.912682  12.263824 23.941
 75     8.400 54823.61730154 33.49 105.911932  12.267124 23.941
 76     6.700 54858.61726579 53.87 105.913074  12.260350 26.398
 76     6.708 54858.61726644 53.34 105.912324  12.263660 26.398
 76     6.594 54858.61726708 48.38 105.911574  12.266960 26.398
 77     6.102 54893.61730217 25.76 105.912340  12.260899 19.734
 77     6.142 54893.61730281 33.16 105.911593  12.264207 22.209
 77     6.493 54893.61730346 34.39 105.910843  12.267507 22.209
 78     5.862 54928.61726403 31.79 105.911044  12.258843 14.050
 78     5.929 54928.61726467 37.49 105.910294  12.262143 14.050
 78     5.872 54928.61726532 40.11 105.909539  12.265449 21.236
 79     6.278 54963.61730240 36.91 105.912361  12.259964 23.100
 79     6.438 54963.61730304 36.02 105.911621  12.263274 23.100
 79     6.371 54963.61730368 38.97 105.910871  12.266574 23.100
 80     9.574 54998.61732248 49.22 105.911237  12.258319 19.326
 80     9.571 54998.61732312 50.73 105.910488  12.261629 27.423
 80     9.692 54998.61732377 52.28 105.909738  12.264929 27.423
 80     9.673 54998.61732441 45.04 105.908988  12.268229 27.423
 81    17.080 55033.61731064 41.51 105.913042  12.257943 24.693
 81    17.009 55033.61731128 42.27 105.912292  12.261243 24.693
 81    17.120 55033.61731193 41.71 105.911542  12.264543 24.693
 81    16.982 55033.61731257 42.26 105.910790  12.267851 34.680
 82    15.304 55068.61729948 34.60 105.915035  12.258307 22.534
 82    15.246 55068.61730012 33.62 105.914285  12.261607 22.534
 82    15.362 55068.61730077 36.37 105.913535  12.264907 22.534
 82    15.295 55068.61730141 37.91 105.912790  12.268217 32.471
 83    19.576 55103.61723841 26.43 105.911253  12.257852 21.137
 83    19.260 55103.61723906 21.59 105.910503  12.261152 21.137
 83    18.466 55103.61723970 21.26 105.909753  12.264452 21.137
 83    19.113 55103.61724035 22.50 105.908997  12.267761 21.129
 84    18.197 55138.61724621 17.75 105.913880  12.259017 20.804
 84    16.833 55138.61724685 18.31 105.913130  12.262317 20.804
 84    17.737 55138.61724749 18.93 105.912381  12.265625 29.541
 85     7.547 55173.61720719 50.72 105.912629  12.259420 19.509
 85     7.385 55173.61720783 53.14 105.911879  12.262730 19.509
 85     7.591 55173.61720848 48.77 105.911129  12.266030 19.509
 86     6.172 55208.61724136 21.60 105.913356  12.259002 16.349
 86     6.325 55208.61724200 28.40 105.912605  12.262311 20.448
 86     6.486 55208.61724265 39.46 105.911855  12.265611 20.448
 87     5.770 55243.61721169 43.21 105.912102  12.258115 19.873
 87     5.565 55243.61721234 41.91 105.911352  12.261425 19.873
 87     5.704 55243.61721298 42.65 105.910602  12.264725 19.873
 87     6.226 55243.61721363 43.07 105.909847  12.268032 23.563
 88     5.513 55278.61723520 46.42 105.913160  12.261108 16.123
 88     5.443 55278.61723584 45.36 105.912413  12.264415 23.819
 88     5.572 55278.61723649 33.62 105.911663  12.267715 23.819
 89     5.875 55313.61719886 43.33 105.912756  12.260222 18.143
 89     5.748 55313.61719951 38.79 105.912005  12.263531 25.358
 89     5.665 55313.61720015 37.08 105.911255  12.266831 25.358
 90     6.545 55348.61720632 50.72 105.914076  12.260922 26.165
 90     6.447 55348.61720697 45.28 105.913326  12.264222 26.165
 90     6.431 55348.61720761 42.31 105.912576  12.267522 26.165
 91     8.305 55383.61719693 43.86 105.912006  12.259482 28.475
 91     8.037 55383.61719757 39.28 105.911256  12.262782 28.475
 91     8.144 55383.61719821 42.12 105.910506  12.266092 28.475
 92    20.270 55418.61722453 19.90 105.914157  12.258153 17.942
 92    20.027 55418.61722518 18.68 105.913406  12.261461 13.931
 92    18.568 55418.61722582 18.22 105.912656  12.264761 13.931
 92    18.901 55418.61722647 18.88 105.911906  12.268071 13.931
 93    15.647 55453.61720470 47.86 105.914839  12.260378 26.345
 93    15.740 55453.61720535 47.10 105.914089  12.263678 26.345
 93    15.744 55453.61720599 45.10 105.913339  12.266978 26.345
 94    14.630 55488.61712471 51.51 105.916734  12.259047 29.722
 94    14.735 55488.61712535 51.19 105.915984  12.262357 29.722
 94    14.775 55488.61712600 49.20 105.915234  12.265657 29.722
