# NaN NaN NaN ;Mean Elev.(m), Avg Gradient(m/km), RMS Gradient(m/km) - SRTM1     
# NaN NaN NaN ;Mean Elev.(m), Avg Gradient(m/km), RMS Gradient(m/km) - ASTER GDEM
#   10.756  -4.986  10.442 ;Mean Elev.(m), Avg Gradient(m/km), RMS Gradient(m/km) - GMTED2010 
  6    13.914 52438.12850194 23.26 105.627617  12.300482 11.248
  6    11.432 52438.12850259 22.01 105.626877  12.297182 11.248
  6    19.084 52438.12850323 22.60 105.626127  12.293872 11.248
  7    15.794 52473.12850196 21.88 105.632135  12.300131 27.325
  7    15.809 52473.12850261 21.49 105.631385  12.296821 27.325
  7    15.956 52473.12850325 23.01 105.630635  12.293521 27.325
  8    18.969 52508.12847222 42.01 105.636703  12.300444 26.134
  8    19.070 52508.12847287 32.16 105.635953  12.297134 26.134
  8    18.725 52508.12847351 31.05 105.635203  12.293834 26.134
  8    19.005 52508.12847416 32.06 105.634453  12.290534 26.134
  9    18.021 52543.12845700 35.39 105.644859  12.297549 24.660
  9    18.137 52543.12845765 33.52 105.644109  12.294249 24.660
  9    17.962 52543.12845829 31.73 105.643359  12.290939 24.660
  9    17.852 52543.12845894 31.56 105.642599  12.287639 24.660
  9    18.259 52543.12845958 31.50 105.641859  12.284339 24.660
 10     9.422 52578.12850755 22.39 105.632845  12.299129 24.797
 10    10.539 52578.12850819 21.63 105.632095  12.295819 24.797
 10    12.362 52578.12850884 23.79 105.631345  12.292519 24.797
 11     7.246 52613.12847206 26.51 105.633301  12.301726 21.139
 11     7.238 52613.12847271 27.72 105.632551  12.298426 21.139
 11     7.150 52613.12847335 26.30 105.631801  12.295116 21.139
 11    13.546 52613.12847400 26.08 105.631051  12.291816 21.139
 12     6.079 52648.12845491 31.06 105.638723  12.299819 28.706
 12     6.179 52648.12845555 30.15 105.637973  12.296509 28.706
 12     6.219 52648.12845620 29.90 105.637213  12.293209 28.706
 12    13.758 52648.12845684 21.37 105.636463  12.289899 28.706
 13     4.967 52683.12843016 32.65 105.642756  12.298219 31.034
 13     4.916 52683.12843081 35.61 105.642006  12.294919 31.034
 13     4.973 52683.12843145 33.31 105.641256  12.291619 31.034
 13     4.805 52683.12843210 26.92 105.640506  12.288309 31.034
 14     4.290 52718.12848702 32.51 105.634259  12.299396  8.857
 14     4.468 52718.12848767 33.71 105.633509  12.296086  8.857
 14     4.283 52718.12848831 29.36 105.632759  12.292786  8.857
 15    13.576 52753.12851190 20.00 105.623738  12.300245 18.270
 15    10.568 52753.12851254 20.05 105.622998  12.296935 18.270
 16     6.051 52788.12845775 22.26 105.636490  12.297981 26.913
 16     5.880 52788.12845839 26.07 105.635740  12.294671 26.913
 16    12.690 52788.12845904 21.20 105.634990  12.291371 26.913
 17     8.767 52823.12852921 23.64 105.637810  12.299190 21.602
 17     8.710 52823.12852985 23.29 105.637050  12.295890 21.602
 17     8.675 52823.12853050 23.02 105.636300  12.292580 21.602
 17    14.683 52823.12853114 22.10 105.635560  12.289280 21.602
 18    14.143 52858.12857595 16.98 105.639960  12.298458 25.212
 18    14.142 52858.12857659 16.89 105.639200  12.295158 25.212
 18    16.504 52858.12857724 17.10 105.638450  12.291858 25.212
 18    16.476 52858.12857788 17.04 105.637710  12.288548 25.212
 19    16.698 52893.12860784 32.12 105.632882  12.298731 32.453
 19    16.345 52893.12860849 32.07 105.632132  12.295431 32.453
 19    16.189 52893.12860913 31.67 105.631382  12.292131 32.453
 20    12.470 52928.12855864 22.65 105.632514  12.300394 26.259
 20    13.275 52928.12855928 22.39 105.631764  12.297094 26.259
 20    14.077 52928.12855993 22.53 105.631024  12.293784 26.259
 21     7.571 52963.12853599 29.97 105.643172  12.298223 24.161
 21     7.475 52963.12853663 32.70 105.642422  12.294923 24.161
 21     7.338 52963.12853728 30.52 105.641682  12.291623 24.161
 21     7.099 52963.12853792 29.95 105.640922  12.288313 24.161
 22     5.413 52998.12857521 23.13 105.631948  12.299452 12.980
 22     5.331 52998.12857585 26.01 105.631198  12.296152 12.980
 22    12.334 52998.12857649 22.64 105.630448  12.292842 12.980
 23     4.332 53033.12853043 40.00 105.632975  12.298759 14.443
 23     4.237 53033.12853107 37.18 105.632225  12.295449 14.443
 23     4.012 53033.12853172 26.08 105.631475  12.292149 14.443
 24     3.641 53068.12854317 34.21 105.638935  12.300454 23.067
 24     3.859 53068.12854382 37.01 105.638185  12.297154 23.067
 24     3.798 53068.12854446 34.33 105.637435  12.293854 23.067
 24     3.577 53068.12854511 25.06 105.636685  12.290544 23.067
 25     3.470 53103.12853232 24.83 105.631914  12.299590 20.388
 25     3.456 53103.12853296 29.85 105.631164  12.296280 20.388
 25     3.417 53103.12853361 19.48 105.630414  12.292980 20.388
 26     4.601 53138.12854665 43.07 105.640497  12.299686 18.738
 26     4.639 53138.12854730 38.85 105.639757  12.296386 18.738
 26     4.480 53138.12854794 36.11 105.638997  12.293086 18.738
 26     4.488 53138.12854858 31.85 105.638257  12.289776 18.738
 27    14.394 53173.12859023 17.27 105.635382  12.300858 20.138
 27    14.090 53173.12859088 16.16 105.634632  12.297548 20.138
 27    15.119 53173.12859152 16.39 105.633882  12.294248 20.138
 27    15.414 53173.12859217 21.35 105.633132  12.290938 20.138
 28    13.330 53208.12860646 17.63 105.633929  12.298186 21.063
 28    15.368 53208.12860710 16.01 105.633179  12.294886 21.063
 28    15.825 53208.12860775 19.76 105.632429  12.291576 21.063
 29    17.638 53243.12857385 31.69 105.638016  12.298241 29.509
 29    16.828 53243.12857450 25.02 105.637266  12.294941 29.509
 29    16.603 53243.12857514 25.41 105.636526  12.291631 29.509
 29    16.632 53243.12857579 27.34 105.635776  12.288331 29.509
 30    16.944 53278.12854967 32.41 105.637405  12.298756 34.363
 30    15.323 53278.12855032 30.64 105.636655  12.295456 34.363
 30    15.230 53278.12855096 30.36 105.635905  12.292146 34.363
 30    15.502 53278.12855161 30.55 105.635155  12.288846 34.363
 31    13.298 53313.12858011 18.91 105.634595  12.299323 23.547
 31    13.855 53313.12858076 17.21 105.633845  12.296013 23.547
 31    14.764 53313.12858140 19.70 105.633105  12.292713 23.547
 32     6.774 53348.12854599 22.74 105.637843  12.298295 25.982
 32     6.134 53348.12854663 23.68 105.637093  12.294985 25.982
 32    13.801 53348.12854728 17.29 105.636353  12.291685 25.982
 33     4.652 53383.12851334 43.78 105.638837  12.300628 19.434
 33     4.767 53383.12851399 45.93 105.638087  12.297318 19.434
 33     4.748 53383.12851463 41.03 105.637337  12.294018 19.434
 33     4.330 53383.12851528 30.36 105.636587  12.290708 19.434
 34     4.192 53418.12852493 35.48 105.643970  12.299221 24.764
 34     4.089 53418.12852557 38.54 105.643230  12.295911 24.764
 34     3.956 53418.12852622 36.38 105.642470  12.292611 24.764
 34     3.787 53418.12852686 32.85 105.641730  12.289301 24.764
 34     3.729 53418.12852751 30.17 105.640980  12.286001 24.764
 35     3.566 53453.12852763 31.08 105.640523  12.299888 23.249
 35     3.443 53453.12852827 39.21 105.639763  12.296578 23.249
 35     3.581 53453.12852892 39.80 105.639023  12.293278 23.249
 35     3.489 53453.12852956 41.03 105.638263  12.289978 23.249
 36    13.780 53488.12861283 21.42 105.629039  12.300144 10.556
 36     4.473 53488.12861348 24.02 105.628289  12.296844 10.556
 39    18.417 53593.12856553 22.44 105.642154  12.297086 22.838
 39    17.207 53593.12856617 22.47 105.641414  12.293776 22.838
 39    17.928 53593.12856682 23.23 105.640664  12.290476 22.838
 39    17.734 53593.12856746 24.24 105.639914  12.287176 22.838
 40    18.281 53628.12855637 41.03 105.632011  12.300266 27.739
 40    17.785 53628.12855701 35.66 105.631261  12.296956 27.739
 40    17.608 53628.12855765 34.66 105.630511  12.293656 27.739
 41    14.803 53663.12858124 21.57 105.633845  12.300497 29.094
 41    14.291 53663.12858189 20.44 105.633095  12.297187 29.094
 41    16.416 53663.12858253 20.73 105.632345  12.293887 29.094
 42    13.412 53698.12854405 20.14 105.636296  12.298350 21.136
 42    13.364 53698.12854470 20.87 105.635546  12.295040 21.136
 42    14.759 53698.12854534 18.83 105.634796  12.291740 21.136
 43     6.513 53733.12846609 36.21 105.639625  12.300081 26.949
 43     6.515 53733.12846673 31.46 105.638875  12.296781 26.949
 43     6.129 53733.12846738 27.42 105.638125  12.293471 26.949
 43    13.877 53733.12846802 25.26 105.637385  12.290171 26.949
 44     4.745 53768.12844512 39.18 105.642927  12.299682 25.567
 44     4.823 53768.12844577 45.38 105.642177  12.296382 25.567
 44     4.665 53768.12844641 41.77 105.641427  12.293072 25.567
 44     4.589 53768.12844706 34.84 105.640677  12.289772 25.567
 44     4.497 53768.12844770 30.73 105.639927  12.286462 25.567
 45     3.955 53803.12844368 41.07 105.639335  12.297960 25.574
 45     3.954 53803.12844433 43.70 105.638585  12.294660 25.574
 45     3.833 53803.12844497 33.88 105.637845  12.291350 25.574
 45     3.818 53803.12844562 28.02 105.637095  12.288050 25.574
 46     4.080 53838.12845794 41.71 105.637538  12.300984 23.509
 46     4.072 53838.12845859 40.14 105.636788  12.297684 23.509
 46     3.971 53838.12845923 33.41 105.636048  12.294384 23.509
 46     4.052 53838.12845988 26.60 105.635288  12.291074 23.509
 48     6.359 53908.12855041 45.04 105.632294  12.298974 16.862
 48     6.260 53908.12855105 49.54 105.631534  12.295674 16.862
 48     6.219 53908.12855170 46.32 105.630794  12.292374 16.862
 49    16.083 53943.12857553 24.32 105.627124  12.300522 27.266
 49    15.188 53943.12857617 22.87 105.626374  12.297222 27.266
 49    15.305 53943.12857681 30.89 105.625624  12.293912 27.266
 50    17.249 53978.12852735 41.96 105.633406  12.299991 27.576
 50    17.185 53978.12852799 40.79 105.632656  12.296691 27.576
 50    17.216 53978.12852864 38.02 105.631906  12.293391 27.576
 51    18.054 54013.12853624 40.56 105.639897  12.300031 31.032
 51    16.285 54013.12853688 43.28 105.639147  12.296721 31.032
 51    16.284 54013.12853752 40.59 105.638397  12.293421 31.032
 51    16.026 54013.12853817 35.45 105.637647  12.290121 31.032
 52    10.197 54048.12854573 42.82 105.643212  12.298482 19.138
 52    10.108 54048.12854637 42.98 105.642462  12.295182 19.138
 52    10.034 54048.12854702 38.24 105.641712  12.291872 19.138
 52     9.768 54048.12854766 32.48 105.640962  12.288572 19.138
 54     5.074 54118.12846819 32.70 105.635343  12.299884 20.992
 54     4.912 54118.12846884 30.71 105.634593  12.296584 20.992
 54    12.378 54118.12846948 18.48 105.633843  12.293274 20.992
 57     4.557 54223.12850148 46.02 105.635891  12.299252 21.882
 57     4.503 54223.12850213 44.51 105.635141  12.295952 21.882
 57     4.543 54223.12850277 33.72 105.634391  12.292652 21.882
 58     6.632 54258.12852349 52.84 105.636543  12.298552 21.748
 58     6.679 54258.12852414 46.89 105.635803  12.295252 21.748
 58     6.562 54258.12852478 43.19 105.635053  12.291952 21.748
 59    13.952 54293.12852648 17.24 105.637786  12.299240 23.010
 59    14.154 54293.12852713 17.11 105.637046  12.295940 23.010
 59    14.899 54293.12852777 17.35 105.636296  12.292640 23.010
 59    15.145 54293.12852842 21.18 105.635546  12.289330 23.010
 60    15.550 54328.12852133 22.76 105.638531  12.300316 27.781
 60    15.334 54328.12852198 21.31 105.637781  12.297006 27.781
 60    15.297 54328.12852262 21.17 105.637031  12.293706 27.781
 60    16.327 54328.12852327 21.24 105.636281  12.290406 27.781
 61    15.894 54363.12846949 23.75 105.636023  12.301011 31.922
 61    13.219 54363.12847014 23.10 105.635283  12.297711 31.922
 61    15.452 54363.12847078 21.20 105.634533  12.294401 31.922
 61    16.081 54363.12847143 22.85 105.633783  12.291101 31.922
 62    14.191 54398.12846126 36.61 105.639093  12.300567 33.672
 62    14.024 54398.12846191 30.42 105.638333  12.297267 33.672
 62    14.016 54398.12846255 25.19 105.637583  12.293967 33.672
 62    14.552 54398.12846319 25.43 105.636843  12.290657 33.672
 63    12.378 54433.12841942 20.41 105.637716  12.300162 21.389
 63    13.375 54433.12842006 18.20 105.636966  12.296852 21.389
 63    14.227 54433.12842071 17.84 105.636216  12.293552 21.389
 63    14.610 54433.12842135 21.04 105.635466  12.290252 21.389
 64     5.708 54468.12844385 32.22 105.639723  12.299201 28.794
 64     5.605 54468.12844450 26.43 105.638963  12.295901 28.794
 64    13.011 54468.12844514 17.91 105.638213  12.292591 28.794
 64    13.811 54468.12844579 20.39 105.637473  12.289291 28.794
 66     4.255 54538.12845939 43.12 105.638107  12.298938 24.357
 66     4.245 54538.12846003 48.80 105.637357  12.295638 24.357
 66     4.202 54538.12846068 43.96 105.636607  12.292328 24.357
 66     4.117 54538.12846132 43.16 105.635857  12.289028 24.357
 67     4.303 54573.12843603 39.99 105.637282  12.300923 19.119
 67     4.183 54573.12843667 47.66 105.636532  12.297623 19.119
 67     4.122 54573.12843732 49.24 105.635782  12.294313 19.119
 67     4.179 54573.12843796 48.64 105.635032  12.291013 19.119
 68     7.066 54608.12845241 21.40 105.636770  12.299309 15.897
 68     7.020 54608.12845306 19.93 105.636020  12.296009 15.897
 68    11.973 54608.12845370 18.92 105.635270  12.292709 15.897
 68     6.589 54608.12845435 21.17 105.634520  12.289399 15.897
 69    12.203 54643.12846086 34.86 105.636320  12.300611 10.396
 69    12.294 54643.12846151 30.52 105.635570  12.297311 10.396
 69    12.019 54643.12846215 26.90 105.634820  12.294011 10.396
 69    12.122 54643.12846280 25.96 105.634070  12.290701 10.396
 70    15.104 54678.12846284 18.42 105.635367  12.298035 16.375
 70    15.288 54678.12846348 16.92 105.634627  12.294735 16.375
 70    15.440 54678.12846412 17.46 105.633877  12.291435 16.375
 71    14.797 54713.12841551 42.21 105.637697  12.300237 29.517
 71    14.761 54713.12841616 42.18 105.636947  12.296937 29.517
 71    14.797 54713.12841680 37.67 105.636207  12.293627 29.517
 71    14.372 54713.12841745 32.24 105.635457  12.290327 29.517
 72    14.614 54748.12843214 44.19 105.636419  12.299599 27.595
 72    14.520 54748.12843279 44.11 105.635669  12.296299 27.595
 72    14.548 54748.12843343 36.81 105.634919  12.292999 27.595
 72    14.366 54748.12843408 34.23 105.634169  12.289689 27.595
 73    11.631 54783.12840323 25.97 105.637176  12.298262 29.077
 73    13.088 54783.12840387 22.67 105.636426  12.294962 29.077
 73    14.489 54783.12840452 19.52 105.635676  12.291652 29.077
 74     7.478 54818.12842430 33.85 105.637619  12.299291 28.490
 74     7.171 54818.12842494 27.54 105.636869  12.295991 28.490
 74    13.299 54818.12842559 20.83 105.636119  12.292691 28.490
 74    14.408 54818.12842623 21.84 105.635369  12.289381 28.490
 75     5.229 54853.12840037 40.95 105.636913  12.298063 27.935
 75     4.970 54853.12840102 29.75 105.636163  12.294763 27.935
 75     4.630 54853.12840166 25.89 105.635413  12.291463 27.935
 76     4.302 54888.12842912 45.16 105.635619  12.301136 25.200
 76     4.209 54888.12842976 48.15 105.634869  12.297836 25.200
 76     3.985 54888.12843041 35.86 105.634119  12.294526 25.200
 76     3.854 54888.12843105 34.36 105.633369  12.291226 25.200
 77     4.122 54923.12839979 31.81 105.633928  12.300159 23.937
 77     3.869 54923.12840043 27.74 105.633178  12.296849 23.937
 77     3.672 54923.12840108 20.44 105.632428  12.293549 23.937
 78     4.666 54958.12842556 48.65 105.636065  12.298870 16.174
 78     4.702 54958.12842620 39.06 105.635325  12.295570 16.174
 78     4.524 54958.12842684 32.19 105.634575  12.292270 16.174
 79     8.054 54993.12844877 45.12 105.633834  12.298360 15.317
 79     7.896 54993.12844941 48.10 105.633084  12.295060 15.317
 79     8.130 54993.12845006 44.17 105.632334  12.291750 15.317
 80    14.195 55028.12843843 18.83 105.637086  12.300911 21.918
 80    14.225 55028.12843908 18.43 105.636336  12.297611 21.918
 80    13.621 55028.12843972 19.23 105.635586  12.294311 21.918
 80    14.856 55028.12844037 20.16 105.634836  12.291001 21.918
 81    15.565 55063.12843053 26.19 105.637371  12.299991 32.742
 81    15.321 55063.12843117 23.51 105.636631  12.296681 32.742
 81    15.269 55063.12843182 24.66 105.635881  12.293381 32.742
 81    15.373 55063.12843246 26.09 105.635131  12.290081 32.742
 82    14.881 55098.12837786 22.47 105.634248  12.299073 28.309
 82    14.929 55098.12837850 21.59 105.633498  12.295763 28.309
 82    15.967 55098.12837914 21.98 105.632748  12.292463 28.309
 83    11.491 55133.12837490 44.29 105.636861  12.300042 29.270
 83    11.530 55133.12837555 47.50 105.636111  12.296742 29.270
 83    11.480 55133.12837619 43.49 105.635361  12.293432 29.270
 83    11.307 55133.12837684 33.52 105.634611  12.290132 29.270
 84    12.816 55168.12833997 15.93 105.637814  12.298843 23.882
 84    13.519 55168.12834061 15.06 105.637064  12.295533 23.882
 84    14.183 55168.12834126 15.00 105.636324  12.292233 23.882
 84    14.646 55168.12834190 18.70 105.635574  12.288933 23.882
 85     5.165 55203.12836715 50.92 105.636785  12.300415 22.974
 85     5.062 55203.12836780 51.47 105.636045  12.297115 22.974
 85     5.059 55203.12836844 46.34 105.635295  12.293815 22.974
 85     5.071 55203.12836909 44.54 105.634545  12.290505 22.974
 86     4.449 55238.12834790 45.46 105.635496  12.300367 18.861
 86     4.359 55238.12834855 42.58 105.634746  12.297067 18.861
 86     4.074 55238.12834919 37.56 105.633996  12.293767 18.861
 86     3.743 55238.12834984 34.68 105.633246  12.290457 18.861
 87     3.241 55273.12836085 29.77 105.636479  12.299779 23.238
 87     3.264 55273.12836149 25.24 105.635739  12.296479 23.238
 87     3.124 55273.12836214 19.48 105.634989  12.293179 23.238
 87    12.626 55273.12836278 17.49 105.634239  12.289869 23.238
 88     3.773 55308.12833002 41.46 105.636463  12.298541 20.007
 88     3.792 55308.12833066 36.24 105.635723  12.295231 20.007
 88     3.404 55308.12833130 26.93 105.634973  12.291931 20.007
 89     4.257 55343.12833036 35.18 105.637747  12.298777 22.035
 89     4.094 55343.12833100 29.67 105.636997  12.295477 22.035
 89     3.844 55343.12833165 22.51 105.636247  12.292167 22.035
 89     3.655 55343.12833229 20.51 105.635497  12.288867 22.035
 90     5.124 55378.12832433 45.79 105.636997  12.300640 14.245
 90     5.241 55378.12832498 43.68 105.636257  12.297340 14.245
 90     5.017 55378.12832562 34.13 105.635507  12.294040 14.245
 90     4.709 55378.12832626 31.63 105.634757  12.290730 14.245
 91    10.631 55413.12834841 19.09 105.638074  12.299902 18.327
 91    11.089 55413.12834905 14.79 105.637324  12.296602 18.327
 91    11.022 55413.12834970 14.91 105.636574  12.293302 18.327
 91    13.914 55413.12835034 13.64 105.635824  12.289992 18.327
 92    15.276 55448.12833809 26.57 105.637694  12.300197 33.046
 92    15.281 55448.12833873 26.02 105.636944  12.296897 33.046
 92    15.265 55448.12833938 25.59 105.636194  12.293597 33.046
 92    15.133 55448.12834002 27.58 105.635444  12.290287 33.046
 93    13.361 55483.12826682 43.48 105.636842  12.301068 21.317
 93    13.606 55483.12826747 41.45 105.636082  12.297768 21.317
 93    13.800 55483.12826811 39.93 105.635342  12.294458 21.317
 93    13.651 55483.12826876 37.02 105.634592  12.291158 21.317
