-217652.668   746.939     0.00  110.69
-217277.851   681.469  -174.70  128.43
-216903.045   543.136  -369.13  210.38
-216528.249   377.836  -441.10  204.45
-216151.581   301.411  -202.93  138.23
-215774.646   355.761   144.21  197.19
-215397.722   541.615   493.15  247.71
-215020.809   749.728   552.23  236.99
-214643.907   917.158   444.29  169.04
-214267.016  1002.677   226.94  122.53
-213890.135  1065.486   166.68   80.77
-213513.265  1099.247    89.59   54.24
-213136.407  1130.754    83.62   43.22
-212759.559  1150.446    52.26   48.65
-212382.722  1183.036    86.49   61.47
-212005.896  1210.865    73.86   68.32
-211629.080  1234.670    63.18   62.93
-211252.276  1231.786    -7.66   54.99
-210875.482  1223.677   -21.52   47.96
-210498.699  1195.641   -74.42   50.14
-210121.927  1139.158  -149.93  101.11
-209745.166  1080.386  -156.01  119.23
-209368.415  1019.524  -161.57   96.24
-208991.676   998.536   -55.72   73.53
-208614.947  1034.822    96.33   96.87
-208238.229  1079.361   118.25   67.38
-207861.522  1077.111    -5.97   80.89
-207484.826  1017.548  -158.14  136.22
-207108.140   930.626  -230.79  163.89
-206731.466   826.893  -275.43  174.69
-206354.802   718.344  -288.23  135.10
-205978.149   632.109  -228.98  102.56
-205601.507   582.936  -130.57   66.50
-205224.875   559.498   -62.24   49.07
-204848.254   547.011   -33.16   49.71
-204471.644   553.728    17.84   57.82
-204095.045   531.036   -60.26   58.39
-203718.457   511.486   -51.92   60.22
-203341.879   495.677   -41.99   59.44
-202965.313   478.886   -44.60   54.83
-202588.757   468.961   -26.36   50.65
-202212.211   447.611   -56.71   47.67
-201835.677   425.036   -59.96   48.97
-201459.153   412.386   -33.60   47.40
-201082.640   397.914   -38.44   41.13
-200706.138   396.216    -4.51   44.95
-200329.647   406.561    27.48   62.08
-199953.166   428.805    59.09   81.45
-199576.696   440.186    30.23  104.97
-199200.237   436.914    -8.69  101.74
-198823.789   448.831    31.66  103.92
-198447.351   436.597   -32.50   93.04
-198070.924   440.549    10.50   96.42
-197694.508   433.256   -19.38   94.58
-197318.103   452.768    51.84  100.07
-196941.708   467.561    39.31  128.80
-196565.324   531.131   168.92  143.71
-196188.951   580.326   130.72  138.33
-195812.588   576.298   -10.70  128.90
-195436.237   573.113    -8.46  103.30
-195059.896   514.597  -155.51  118.66
-194683.565   431.256  -221.49  105.37
-194307.246   361.036  -186.62  102.68
-193930.937   300.256  -161.54   78.45
-193554.639   280.670   -52.05   57.25
-193178.351   300.890    53.74   79.35
-192802.074   342.986   111.89  108.97
-192425.808   367.754    65.83   95.95
-192049.553   389.311    57.30   91.17
-191673.308   415.523    69.68   87.56
-191297.074   468.911   141.92  111.81
-190920.851   518.911   132.92   89.92
-190544.639   532.186    35.29   93.81
-190168.437   540.500    22.10   98.54
-189792.245   570.273    79.15   85.45
-189416.065   614.961   118.81   94.00
-189039.895   675.211   160.19  104.09
-188663.736   762.661   232.51  148.29
-188287.587   859.500   257.48  213.83
-187911.449   984.615   332.67  258.91
-187535.322  1086.280   270.33  274.87
-187159.206  1225.703   370.74  267.35
-186783.100  1309.917   223.94  239.07
-186407.005  1402.736   246.83  213.74
-186030.920  1490.036   232.16  207.65
-185654.846  1482.084   -21.15  176.70
-185278.783  1465.457   -44.22  160.94
-184902.731  1377.841  -233.02  174.02
-184526.689  1236.661  -375.48  182.43
-184150.657  1131.841  -278.79  192.21
-183774.637  1005.426  -336.23  178.91
-183398.627   898.626  -284.07  192.98
-183022.627   728.207  -453.30  262.08
-182646.639   523.134  -545.49  262.61
-182270.660   420.963  -271.78  217.13
-181894.693   392.086   -76.82  182.62
-181518.736   488.549   256.61  223.27
-181142.790   645.686   418.03  205.87
-180766.854   753.836   287.72  227.75
-180390.929   880.486   336.94  233.97
-180015.015   911.961    83.74  247.17
-179639.111   893.011   -50.42  246.03
-179263.218   894.182     3.12  208.43
-178887.335   878.405   -41.98  153.02
-178511.463   847.861   -81.27  117.24
-178135.602   871.523    62.96  118.70
-177759.751   883.811    32.70  115.90
-177383.911   880.475    -8.88  103.84
-177008.081   855.036   -67.70  126.58
-176632.263   756.846  -261.30  130.25
-176256.454   664.164  -246.65  100.31
-175880.656   598.134  -175.73   99.52
-175504.869   556.728  -110.20   79.87
-175129.092   571.586    39.54   94.14
-174753.326   668.584   258.16  154.43
-174377.571   766.115   259.59  140.95
-174001.826   814.475   128.72  104.76
-173626.092   824.575    26.88  108.25
-173250.368   833.426    23.56  104.77
-172874.654   806.961   -70.45   89.76
-172498.952   781.087   -68.88   89.05
-172123.260   735.536  -121.26  101.00
-171747.578   642.523  -247.61   98.03
-171371.907   615.378   -72.27   84.74
-170996.247   631.836    43.82  104.89
-170620.597   700.908   183.89  121.94
-170244.957   804.436   275.64  117.73
-169869.328   870.886   176.92   96.55
-169493.710   927.011   149.44   96.90
-169118.102   968.857   111.42  100.86
-168742.505   991.886    61.32   87.21
-168366.919   997.402    14.69   78.54
-167991.342   979.686   -47.17   87.07
-167615.777   928.768  -135.59   89.45
-167240.222   886.036  -113.80   87.25
-166864.677   839.768  -123.22  101.96
-166489.143   766.743  -194.48  128.54
-166113.619   694.472  -192.48  106.96
-165738.106   655.841  -102.89   81.41
-165362.604   672.694    44.89  105.30
-164987.112   745.084   192.81  133.57
-164611.630   807.011   164.95  120.58
-164236.159   814.986    21.24  119.74
-163860.699   750.611  -171.47  146.75
-163485.249   670.677  -212.92  131.71
-163109.809   576.426  -251.07  135.19
-162734.380   502.826  -196.07   99.15
-162358.961   507.963    13.69  103.97
-161983.553   552.461   118.55  152.57
-161608.156   625.486   194.55  160.59
-161232.769   696.236   188.49  132.17
-160857.392   723.852    73.58  122.42
-160482.026   740.562    44.52  110.96
-160106.670   795.761   147.07  116.46
-159731.325   841.586   122.10  129.58
-159355.990   906.841   173.88  136.45
-158980.666   968.011   163.00  122.45
-158605.352  1006.886   103.59   86.50
-158230.049  1005.728    -3.08   69.53
-157854.756   955.939  -132.68  104.58
-157479.473   868.670  -232.56  128.32
-157104.201   771.211  -259.73  122.09
-156728.940   700.411  -188.69   89.21
-156353.689   701.010     1.60   94.25
-155978.448   743.131   112.26  106.37
-155603.218   770.561    73.11   77.76
-155227.998   759.936   -28.32   93.01
-154852.788   710.841  -130.86   92.06
-154477.589   682.549   -75.41   75.73
-154102.401   646.917   -94.98   80.97
-153727.223   625.190   -57.92   84.11
-153352.055   605.661   -52.06   79.19
-152976.898   620.411    39.32   96.17
-152601.751   697.736   206.14  114.93
-152226.615   737.386   105.71   92.98
-151851.489   735.925    -3.90   89.85
-151476.373   686.562  -131.61  104.09
-151101.268   652.286   -91.39   87.52
-150726.173   658.911    17.66   93.14
-150351.089   686.411    73.32   89.71
-149976.015   724.836   102.46   76.70
-149600.952   756.985    85.72   83.88
-149225.898   783.847    71.63   88.67
-148850.856   806.561    60.57   81.87
-148475.823   832.743    69.82   72.80
-148100.801   862.286    78.78   75.97
-147725.790   901.736   105.21   97.66
-147350.788   967.472   175.31  115.99
-146975.798  1035.274   180.83  106.18
-146600.817  1045.293    26.72   87.85
-146225.847  1006.261  -104.10   96.49
-145850.887   918.111  -235.11  109.36
-145475.938   838.386  -212.65   91.68
-145100.999   790.489  -127.76   60.66
-144726.070   766.141   -64.94   36.12
-144351.152   768.686     6.79   33.60
-143976.244   782.186    36.01   36.58
-143601.347   776.865   -14.19   50.27
-143226.459   773.158    -9.89   63.12
-142851.583   772.826    -0.89   77.48
-142476.716   792.959    53.71   70.45
-142101.860   814.728    58.08   75.77
-141727.014   823.811    24.23   77.46
-141351.963   828.061    11.33   76.63
-140975.063   821.586   -17.18   77.27
-140598.173   810.857   -28.47   68.70
-140221.293   801.592   -24.59   71.73
-139844.424   797.761   -10.17   70.07
-139467.566   773.361   -64.75   78.02
-139090.718   720.286  -140.85   91.05
-138713.880   655.111  -172.97   96.48
-138337.053   593.062  -164.68   80.30
-137960.236   528.679  -170.88   90.05
-137583.430   468.600  -159.46   73.71
-137206.634   424.086  -118.15   65.74
-136829.849   368.011  -148.84   50.47
-136453.074   338.062   -79.50   44.06
-136076.309   314.012   -63.84   48.51
-135699.555   286.318   -73.51   40.64
-135322.811   269.311   -45.15   34.89
-134946.078   254.395   -39.60   17.21
-134569.355   254.344    -0.14   19.97
-134192.643   264.560    27.12   32.10
-133815.941   280.220    41.58   39.48
-133439.249   286.111    15.64   44.68
-133062.568   284.786    -3.52   50.85
-132685.897   276.841   -21.09   44.86
-132309.236   263.536   -35.33   31.58
-131932.586   259.231   -11.43   22.32
-131555.947   259.036    -0.52   18.67
-131179.317   254.361   -12.41   15.44
-130802.699   254.586     0.60   15.24
-130426.090   253.786    -2.12   13.55
-130049.492   252.611    -3.12   10.68
-129672.904   255.010     6.37   12.47
-129296.327   258.089     8.18   14.19
-128919.760   268.511    27.68   18.04
-128543.203   282.573    37.35   23.73
-128166.657   291.761    24.40   29.41
-127790.121   291.061    -1.86   25.32
-127413.595   287.326    -9.92   25.12
-127037.080   278.231   -24.16   21.23
-126660.575   272.524   -15.16   17.20
-126284.081   273.446     2.45   19.66
-125907.597   295.836    59.48   49.62
-125531.123   325.852    79.74   76.03
-125154.660   374.408   128.99   96.06
-124778.207   417.411   114.24  105.55
-124401.764   419.211     4.78  105.16
-124025.331   425.207    15.93  133.16
-123648.909   372.754  -139.36  110.68
-123272.498   319.798  -140.70   78.37
-122896.096   282.405   -99.35   49.82
-122519.705   258.241   -64.20   31.81
-122143.325   252.236   -15.96   30.81
-121766.954   250.411    -4.85   32.16
-121390.594   249.186    -3.26   33.93
-121014.244   255.508    16.80   34.99
-120637.905   259.109     9.57   37.09
-120261.576   264.811    15.15   37.37
-119885.257   272.421    20.22   35.89
-119508.948   255.011   -46.27   38.76
-119132.650   240.641   -38.19   34.19
-118756.362   228.361   -32.64   26.11
-118380.085   223.164   -13.81   23.02
-118003.817   226.786     9.63   28.62
-117627.560   224.890    -5.04   29.99
-117251.314   220.109   -12.71   28.82
-116875.077   212.378   -20.55   17.66
-116498.851   220.805    22.40   36.08
-116122.635   268.524   126.85   92.33
-115746.430   344.085   200.87  129.51
-115370.234   432.113   234.01  132.78
-114994.049   485.861   142.89  120.24
-114617.875   528.115   112.33  129.07
-114241.710   542.227    37.52  133.96
-113865.556   545.575     8.90  126.95
-113489.412   565.136    52.01  124.31
-113113.278   556.186   -23.80  131.31
-112737.155   539.857   -43.42  126.90
-112361.042   512.378   -73.07  105.76
-111984.939   492.677   -52.38   66.75
-111608.846   503.475    28.71   54.53
-111232.764   516.139    33.67   62.42
-110856.692   532.711    44.07   81.53
-110480.630   565.136    86.23  101.52
-110104.578   605.113   106.31  113.91
-109728.537   653.586   128.91   96.53
-109352.505   668.934    40.82   80.33
-108976.484   669.882     2.52   80.30
-108600.474   631.626  -101.75   94.15
-108224.473   593.446  -101.55  110.39
-107848.483   561.111   -86.01  100.99
-107472.503   545.686   -41.03  100.15
-107096.533   527.411   -48.61   98.88
-106720.573   505.939   -57.12  102.34
-106344.624   475.549   -80.84  112.98
-105968.685   434.841  -108.29   84.77
-105592.756   427.010   -20.83   70.94
-105216.837   448.353    56.78   78.18
-104840.928   499.987   137.37  102.76
-104465.030   558.190   154.85  112.74
-104089.142   573.631    41.08  117.40
-103713.264   582.141    22.64  121.00
-103337.396   572.250   -26.32  103.53
-102961.539   550.523   -57.81   91.14
-102585.691   516.841   -89.62   84.57
-102209.854   467.890  -130.25   77.97
-101834.027   421.780  -122.70   68.06
-101458.210   385.109   -97.58   80.02
-101082.404   339.211  -122.14   98.20
-100706.607   316.695   -59.92  105.95
-100330.821   278.911  -100.55   88.86
 -99955.045   239.087  -105.98   75.96
 -99579.279   198.861  -107.06   62.01
 -99203.523   182.361   -43.91   44.70
 -98827.777   184.236     4.99   50.02
 -98452.042   198.010    36.66   57.85
 -98076.317   219.311    56.70   64.17
 -97700.602   220.695     3.68   72.09
 -97324.897   224.333     9.69   85.39
 -96949.202   227.329     7.97   85.51
 -96573.517   230.754     9.12   83.25
 -96197.842   224.586   -16.42   79.41
 -95822.178   211.402   -35.10   72.48
 -95446.524   201.395   -26.64   64.16
 -95070.880   208.036    17.68   77.93
 -94695.246   210.431     6.38   79.80
 -94319.622   201.695   -23.26   71.89
 -93944.008   182.036   -52.34   66.25
 -93568.404   167.236   -39.41   46.70
 -93192.811   160.822   -17.08   44.17
 -92817.228   160.241    -1.55   47.35
 -92441.654   163.231     7.96   52.42
 -92066.091   150.811   -33.07   40.96
 -91690.538   151.329     1.38   44.55
 -91314.995   159.886    22.79   49.73
 -90939.463   164.811    13.12   51.61
 -90563.940   168.961    11.05   54.04
 -90188.427   173.139    11.13   57.69
 -89812.925   175.293     5.74   64.32
 -89437.432   190.857    41.45   68.46
 -89061.950   191.652     2.12   68.33
 -88686.478   197.686    16.07   70.69
 -88311.016   186.957   -28.58   70.67
 -87935.564   169.411   -46.74   60.75
 -87560.122   148.857   -54.75   47.50
 -87184.690   142.736   -16.30   46.79
 -86809.268   141.597    -3.03   45.88
 -86433.857   140.139    -3.89   48.61
 -86058.455   126.573   -36.14   42.10
 -85683.064   128.652     5.54   42.03
 -85307.682   130.719     5.51   38.72
 -84932.311   125.908   -12.82   31.71
 -84556.949   123.686    -5.92   29.18
 -84181.598   117.465   -16.58   38.51
 -83806.257   125.062    20.24   65.18
 -83430.926   137.524    33.20   70.71
 -83055.605   133.472   -10.80   69.57
 -82680.294   117.621   -42.24   59.72
 -82304.993   100.010   -46.93   46.30
 -81929.702    89.549   -27.88   38.09
 -81554.421    92.486     7.83   38.44
 -81179.150   103.369    29.00   48.43
 -80803.889   135.511    85.66   68.09
 -80428.638   194.446   157.06   86.61
 -80053.398   238.908   118.49   82.42
 -79678.167   268.736    79.50   69.30
 -79302.946   266.805    -5.15   84.19
 -78927.736   248.111   -49.83   91.92
 -78552.535   217.549   -81.46   96.68
 -78177.344   195.728   -58.16   98.25
 -77802.164   156.890  -103.52   89.64
 -77426.993   127.318   -78.83   80.83
 -77051.833   116.036   -30.07   66.32
 -76676.682   111.931   -10.94   67.14
 -76301.542   117.227    14.12   72.89
 -75926.411   128.386    29.75   79.85
 -75551.291   118.164   -27.25   64.57
 -75176.180   125.695    20.08   65.22
 -74801.080   129.190     9.32   65.08
 -74425.989   136.695    20.01   70.43
 -74050.908   153.431    44.62   85.66
 -73675.838   141.109   -32.85   77.78
 -73300.777   142.311     3.20   73.07
 -72925.727   144.311     5.33   65.85
 -72550.686   148.136    10.20   72.38
 -72175.656   171.852    63.24   92.17
 -71800.635   183.386    30.76  101.46
 -71425.624   173.010   -27.67   97.59
 -71050.624   174.395     3.69  105.08
 -70675.633   149.446   -66.53   91.06
 -70300.652   124.164   -67.43   69.41
 -69925.681   109.190   -39.94   56.04
 -69550.720    93.498   -41.85   47.83
 -69175.770    88.597   -13.07   43.77
 -68800.829    77.304   -30.12   26.84
 -68425.898    72.267   -13.44   17.22
 -68050.977    74.561     6.12   16.14
 -67676.066    72.405    -5.75   11.28
 -67301.165    68.695    -9.90   10.88
 -66926.273    63.561   -13.69    9.76
 -66551.392    58.586   -13.27    6.19
 -66175.842    55.500    -8.22    4.32
 -65798.977    54.113    -3.68    4.34
 -65422.122    57.393     8.70   21.00
 -65045.277    55.905    -3.95    7.76
 -64668.442    53.961    -5.16    6.57
 -64291.617    52.861    -2.92    6.55
 -63914.802    51.661    -3.18    5.13
 -63537.997    50.511    -3.05    3.92
 -63161.202    50.117    -1.05    3.80
 -62784.417    49.012    -2.93    2.66
 -62407.642    49.369     0.95    3.69
 -62030.877    49.805     1.16    3.80
 -61654.122    49.986     0.48    3.86
 -61277.377    50.062     0.20    4.04
 -60900.642    49.261    -2.13    2.56
 -60523.918    50.036     2.06    3.05
 -60147.203    50.511     1.26    2.99
 -59770.498    52.426     5.08    4.27
 -59393.803    55.198     7.36    5.04
 -59017.118    58.890     9.80    7.37
 -58640.444    63.728    12.85    9.91
 -58263.779    72.236    22.59   16.79
 -57887.124    82.611    27.55   20.26
 -57510.479    94.139    30.61   19.52
 -57133.845   114.465    53.97   29.95
 -56757.220   136.472    58.44   41.08
 -56380.605   153.304    44.70   51.56
 -56004.000   161.293    21.21   55.75
 -55627.405   167.961    17.71   57.77
 -55250.820   173.727    15.31   61.00
 -54874.245   192.010    48.55   70.24
 -54497.680   214.086    58.63   69.27
 -54121.125   217.216     8.31   62.00
 -53744.580   200.987   -43.10   57.70
 -53368.045   184.743   -43.14   52.86
 -52991.520   174.780   -26.46   57.99
 -52615.005   179.062    11.37   65.09
 -52238.500   184.136    13.48   63.04
 -51862.005   180.986    -8.37   58.10
 -51485.519   177.011   -10.56   50.50
 -51109.044   165.036   -31.81   39.19
 -50732.579   160.306   -12.56   23.61
 -50356.123   165.469    13.71   29.26
 -49979.678   164.386    -2.88   23.43
 -49603.242   174.256    26.22   23.70
 -49226.817   177.911     9.71   23.93
 -48850.401   178.786     2.32   28.91
 -48473.995   178.115    -1.78   31.28
 -48097.600   171.465   -17.67   29.92
 -47721.214   158.036   -35.68   30.77
 -47344.838   153.561   -11.89   30.66
 -46968.472   150.111    -9.17   29.70
 -46592.115   148.882    -3.27   32.75
 -46215.769   162.304    35.67   43.81
 -45839.433   175.882    36.08   49.50
 -45463.107   202.486    70.70   56.96
 -45086.790   235.161    86.83   65.25
 -44710.484   267.062    84.78   69.11
 -44334.187   285.036    47.77   67.48
 -43957.900   282.985    -5.45   74.82
 -43581.623   271.318   -31.01   79.65
 -43205.356   229.861  -110.18   73.89
 -42829.099   213.286   -44.05   69.43
 -42452.852   190.211   -61.33   60.85
 -42076.615   168.536   -57.61   59.39
 -41700.387   161.703   -18.16   57.02
 -41324.170   148.652   -34.69   52.22
 -40947.962   140.811   -20.84   48.22
 -40571.764   131.087   -25.85   41.54
 -40195.576   120.811   -27.32   40.15
 -39819.398   108.831   -31.85   37.26
 -39443.230   101.062   -20.65   34.52
 -39067.072    99.012    -5.45   36.76
 -38690.923    97.963    -2.79   39.83
 -38314.785    92.831   -13.64   41.56
 -37938.656    89.411    -9.09   40.71
 -37562.537    76.483   -34.37   32.42
 -37186.428    67.203   -24.68   17.93
 -36810.329    66.211    -2.64   17.17
 -36434.240    65.575    -1.69   15.65
 -36058.160    73.939    22.24   20.03
 -35682.091    78.983    13.42   23.59
 -35306.031    83.274    11.41   24.11
 -34929.981    81.446    -4.86   20.71
 -34553.941    81.386    -0.16   18.50
 -34177.911    89.761    22.27   24.77
 -33801.890    94.395    12.32   26.65
 -33425.879   100.207    15.46   26.52
 -33049.879   106.901    17.80   24.04
 -32673.888   107.646     1.98   26.48
 -32297.907   108.586     2.50   32.18
 -31921.935   121.395    34.07   49.52
 -31545.974   122.061     1.77   58.33
 -31170.022   122.811     1.99   60.00
 -30794.080   112.761   -26.73   48.54
 -30418.148   101.190   -30.78   37.15
 -30042.226   100.336    -2.27   31.67
 -29666.313    95.256   -13.52   22.13
 -29290.411    91.874    -9.00   16.10
 -28914.518    93.304     3.81   15.02
 -28538.635    99.934    17.64   20.68
 -28162.762   106.336    17.03   21.79
 -27786.898   113.573    19.25   23.54
 -27411.044   122.805    24.56   24.44
 -27035.200   128.250    14.49   23.27
 -26659.366   130.878     6.99   23.21
 -26283.542   135.939    13.46   21.22
 -25907.727   135.703    -0.63   23.06
 -25531.923   137.426     4.59   22.96
 -25156.128   140.893     9.23   25.92
 -24780.342   142.421     4.06   27.98
 -24404.567   148.936    17.34   27.49
 -24028.801   147.352    -4.22   26.17
 -23653.045   143.939    -9.08   23.13
 -23277.299   140.311    -9.65   21.55
 -22901.562   135.934   -11.65   22.33
 -22525.836   133.216    -7.23   24.59
 -22150.119   135.852     7.02   25.45
 -21774.412   141.677    15.50   30.42
 -21398.714   154.536    34.23   31.16
 -21023.027   160.805    16.69   29.06
 -20647.349   155.186   -14.96   29.63
 -20271.680   149.064   -16.30   34.90
 -19896.022   138.311   -28.62   30.01
 -19520.373   128.461   -26.22   26.53
 -19144.734   129.661     3.19   24.41
 -18769.105   130.241     1.54   22.43
 -18393.485   132.562     6.18   22.10
 -18017.875   141.417    23.57   20.24
 -17642.275   143.831     6.43   22.20
 -17266.685   150.207    16.98   25.70
 -16891.104   154.780    12.18   25.57
 -16515.533   158.586    10.14   26.31
 -16139.972   166.393    20.79   29.42
 -15764.421   175.536    24.35   31.71
 -15388.879   180.536    13.31   34.37
 -15013.347   182.959     6.45   35.25
 -14637.824   182.280    -1.81   36.45
 -14262.311   177.402   -12.99   38.92
 -13886.808   175.378    -5.39   40.39
 -13511.315   170.062   -14.16   37.95
 -13135.831   163.261   -18.11   33.03
 -12760.357   160.805    -6.54   30.20
 -12384.893   162.115     3.49   27.25
 -12009.439   169.677    20.14   32.30
 -11633.994   177.703    21.38   31.54
 -11258.559   178.592     2.37   35.35
 -10883.133   166.136   -33.18   38.58
 -10507.717   148.061   -48.15   30.10
 -10132.311   145.611    -6.53   28.48
  -9756.914   141.985    -9.66   29.43
  -9381.528   142.293     0.82   29.91
  -9006.150   153.489    29.83   32.22
  -8630.783   159.703    16.56   32.56
  -8255.425   168.511    23.47   28.87
  -7880.077   169.010     1.33   30.44
  -7504.738   160.211   -23.44   30.16
  -7129.409   144.890   -40.82   29.97
  -6754.090   133.457   -30.46   31.89
  -6378.780   122.186   -30.03   30.79
  -6003.480   108.190   -37.29   25.91
  -5628.190    98.548   -25.69   27.81
  -5252.909    86.636   -31.74   26.77
  -4877.638    78.036   -22.92   22.24
  -4502.377    81.318     8.75   24.95
  -4127.125    85.511    11.17   26.18
  -3751.883    83.139    -6.32   25.72
  -3376.650    81.344    -4.78   28.26
  -3001.427    71.523   -26.17   25.47
  -2626.214    62.747   -23.39   21.83
  -2251.010    53.869   -23.66   23.85
  -1875.816    43.736   -27.01   21.12
  -1500.632    33.936   -26.12   24.33
  -1125.457    22.836   -29.59   19.69
   -750.292    13.626   -24.55   16.54
   -375.136     6.857   -18.04   12.26
      0.010     4.060    -7.45    8.01
    375.146     1.934    -5.67    6.61
    750.273     2.686     2.01    8.44
   1125.390     5.780     8.25   11.88
   1500.498    10.961    13.81   17.04
   1875.596    16.621    15.09   19.65
   2250.684    19.168     6.79   19.68
   2625.763    24.961    15.45   20.54
   3000.832    27.575     6.97   17.52
   3375.892    30.378     7.47   18.99
   3750.942    32.761     6.36   17.11
   4125.983    31.878    -2.35   16.69
   4501.014    33.805     5.14   17.85
   4876.035    37.326     9.39   22.18
   5251.047    40.811     9.29   25.03
   5626.049    39.805    -2.68   21.00
   6001.042    35.934   -10.32    9.59
   6376.025    32.369    -9.50    7.42
   6750.999    29.536    -7.56    9.45
   7125.963    27.646    -5.04    8.30
   7500.917    28.267     1.66    7.68
   7875.862    29.780     4.03    6.77
   8250.797    33.985    11.22    8.44
   8625.723    40.472    17.30   10.30
   9001.754    46.727    16.63   10.64
   9378.579    53.267    17.36   12.99
   9755.395    56.361     8.21   13.44
  10132.201    56.985     1.66   15.22
  10508.998    56.161    -2.19   14.64
  10885.785    54.798    -3.62   11.51
  11262.562    55.352     1.47   13.02
  11639.330    59.611    11.30   13.90
  12016.088    65.061    14.47   15.69
  12392.837    68.353     8.74   17.21
  12769.575    74.336    15.88   18.04
  13146.305    75.953     4.29   18.85
  13523.024    76.562     1.62   18.00
  13899.734    69.216   -19.50   17.54
  14276.434    63.267   -15.79   15.23
  14653.125    58.600   -12.39   11.45
  15029.806    59.886     3.41   11.31
  15406.478    69.600    25.79   17.50
  15783.140    74.562    13.17   20.97
  16159.792    73.186    -3.65   18.13
  16536.435    72.280    -2.41   19.23
  16913.068    67.446   -12.83   15.86
  17289.692    66.361    -2.88   14.32
  17666.306    64.747    -4.29    9.85
  18042.910    67.231     6.60    9.69
  18419.505    73.109    15.61   11.48
  18796.090    84.273    29.64   22.93
  19172.666    91.811    20.02   23.09
  19549.232    96.378    12.13   22.97
  19925.788    93.369    -7.99   24.02
  20302.335    86.652   -17.84   23.14
  20678.872    90.586    10.45   32.80
  21055.400    97.986    19.65   37.76
  21431.918    98.446     1.22   23.54
  21808.427   100.914     6.55   19.52
  22184.926    94.306   -17.55   17.93
  22561.416    84.451   -26.18   16.55
  22937.896    75.911   -22.68   10.82
  23314.366    76.498     1.56   13.56
  23690.827    82.186    15.11   18.82
  24067.278    88.247    16.10   21.97
  24443.720    86.293    -5.19   19.64
  24820.152    82.369   -10.42   14.78
  25196.575    81.799    -1.51   13.57
  25572.988    86.761    13.18   17.08
  25949.392    93.842    18.81   16.96
  26325.786    96.711     7.62   15.56
  26702.170    96.386    -0.86   13.88
  27078.545    91.786   -12.22   11.69
  27454.911    88.959    -7.51    8.16
  27831.267    89.089     0.34    6.74
  28207.613    91.274     5.81    6.95
  28583.950    94.216     7.82    7.84
  28960.278    97.311     8.23    9.63
  29336.596   103.511    16.48   12.06
  29712.904   107.344    10.18   14.88
  30089.203   110.963     9.62   18.19
  30465.492   110.405    -1.48   18.25
  30841.772   112.911     6.66   17.50
  31218.043   116.446     9.40   20.05
  31594.304   130.182    36.51   28.36
  31970.555   149.311    50.84   26.07
  32346.797   175.901    70.67   36.38
  32723.029   194.857    50.38   43.71
  33099.252   208.236    35.56   47.23
  33475.466   216.836    22.86   45.96
  33851.670   209.186   -20.33   46.63
  34227.864   201.318   -20.91   44.51
  34604.049   193.113   -21.81   39.37
  34980.225   190.793    -6.17   40.49
  35356.391   198.686    20.98   45.43
  35732.547   193.036   -15.02   47.91
  36108.695   181.886   -29.64   38.40
  36484.832   180.411    -3.92   30.44
  36860.960   176.247   -11.07   26.39
  37237.079   178.298     5.45   26.33
  37613.188   178.511     0.57   25.34
  37989.288   167.703   -28.74   23.83
  38365.379   162.236   -14.54   21.08
  38741.460   161.549    -1.83   19.36
  39117.531   160.655    -2.38   18.14
  39493.593   164.652    10.63   20.33
  39869.646   169.575    13.09   22.72
  40245.689   171.472     5.05   23.47
  40621.723   167.293   -11.11   19.52
  40997.747   167.792     1.33   16.19
  41373.762   173.604    15.46   17.31
  41749.767   184.792    29.76   19.58
  42125.763   193.190    22.33   16.29
  42501.750   199.062    15.62   15.38
  42877.727   206.686    20.28   13.02
  43253.695   210.668    10.59   10.13
  43629.653   208.908    -4.68   10.85
  44005.602   202.267   -17.66   13.26
  44381.541   196.857   -14.39   12.41
  44757.471   195.280    -4.19   17.67
  45133.392   196.352     2.85   22.57
  45509.303   195.719    -1.68   24.49
  45885.205   190.652   -13.48   26.91
  46261.098   180.436   -27.18   22.90
  46636.981   170.182   -27.28   13.10
  47012.854   164.036   -16.35    7.46
  47388.719   160.914    -8.31    4.72
  47764.574   160.141    -2.06    6.12
  48140.419   160.743     1.60    7.16
  48516.255   159.498    -3.31    7.11
  48892.082   159.378    -0.32    7.93
  49267.899   157.084    -6.10    7.67
  49643.707   154.164    -7.77    7.47
  50019.506   151.211    -7.86    6.59
  50395.295   149.168    -5.44    6.39
  50771.075   147.670    -3.98    7.74
  51146.845   146.010    -4.42    8.13
  51522.606   142.754    -8.67    7.81
  51898.358   139.780    -7.92    6.33
  52274.101   137.510    -6.04    5.54
  52649.834   134.836    -7.12    5.48
  53025.557   133.087    -4.65    5.28
  53401.272   132.805    -0.75    6.75
  53776.977   133.786     2.61    9.23
  54152.672   134.786     2.66   10.38
  54528.359   135.861     2.86   10.50
  54904.035   135.523    -0.90    9.38
  55279.703   133.536    -5.29   10.59
  55655.361   131.036    -6.65   11.15
  56031.010   128.549    -6.62   10.16
  56406.650   124.560   -10.62    8.53
  56782.280   121.985    -6.86    7.07
  57157.901   121.086    -2.39    7.95
  57533.513   119.600    -3.96    7.37
  57909.115   119.461    -0.37    7.89
  58284.708   119.573     0.30    8.33
  58660.291   125.010    14.48   16.34
  59035.866   126.511     4.00   16.88
  59411.431   130.446    10.48   16.74
  59786.987   137.036    17.55   20.63
  60162.533   142.286    13.98   21.25
  60538.070   147.955    15.09   18.88
  60913.598   151.139     8.48   15.90
  61289.116   151.261     0.33   13.23
  61664.625   149.611    -4.39   11.55
  62040.125   146.461    -8.39   11.97
  62415.616   145.061    -3.73   12.20
  62791.097   144.652    -1.09   14.21
  63166.569   143.925    -1.93   15.42
  63542.032   144.186     0.70   15.27
  63917.485   138.811   -14.32   14.62
  64292.929   136.446    -6.30   15.04
  64668.364   129.461   -18.61   14.84
  65043.790   123.216   -16.64   14.84
  65419.206   119.661    -9.47   16.39
  65794.613   117.062    -6.92   17.69
  66170.011   113.136   -10.46   16.78
  66545.400   110.010    -8.33   16.85
  66920.779   108.728    -3.42   17.54
  67296.149   109.417     1.83   20.27
  67671.510   113.273    10.27   26.90
  68046.861   106.711   -17.48   27.69
  68422.203   101.911   -12.79   21.07
  68797.536   102.963     2.80   22.09
  69172.860   105.736     7.39   22.46
  69548.174   106.306     1.52   22.18
  69923.480   100.009   -16.78   24.09
  70298.776    90.378   -25.66   17.32
  70674.062    90.811     1.15   19.20
  71049.340   113.695    60.98   39.42
  71424.608   137.736    64.06   40.52
  71799.867   161.761    64.02   39.92
  72175.117   174.510    33.97   35.97
  72550.357   163.108   -30.39   39.30
  72925.589   155.636   -19.91   43.15
  73300.811   142.959   -33.78   38.38
  73676.024   131.361   -30.91   23.44
  74051.227   128.728    -7.02   19.88
  74426.422   129.822     2.91   19.58
  74801.607   139.395    25.51   24.11
  75176.783   142.711     8.84   23.66
  75551.950   138.575   -11.03   23.48
  75927.108   129.113   -25.22   21.68
  76302.256   117.961   -29.73   20.67
  76677.395   112.203   -15.35   14.56
  77052.525   118.062    15.62   22.94
  77427.646   125.369    19.48   29.06
  77802.758   131.711    16.91   31.08
  78177.860   122.661   -24.13   33.38
  78552.953   113.164   -25.32   31.47
  78928.038    97.934   -40.60   17.25
  79303.112    91.852   -16.21   12.08
  79678.178    89.536    -6.17   12.29
  80053.235    82.768   -18.05    8.38
  80428.282    80.369    -6.39    8.75
  80803.320    78.861    -4.02    9.13
  81178.349    76.641    -5.92    7.68
  81553.369    78.304     4.43   10.33
  81928.380    77.186    -2.98   11.24
  82303.381    75.549    -4.37   10.81
  82678.373    73.436    -5.63   11.94
  83053.357    68.575   -12.96    9.09
  83428.331    65.322    -8.67    7.28
  83803.295    62.194    -8.34    2.50
  84179.777    61.087    -2.94    1.73
  84556.567    60.886    -0.53    1.89
  84933.347    61.186     0.80    2.25
  85310.118    61.961     2.06    2.65
  85686.880    62.953     2.63    2.39
  86063.633    63.436     1.28    2.42
  86440.376    64.062     1.66    2.50
  86817.110    64.536     1.26    2.20
  87193.835    64.934     1.05    1.90
  87570.551    65.703     2.04    1.74
  87947.257    65.911     0.55    1.74
  88323.955    65.805    -0.28    1.86
  88700.643    65.652    -0.41    1.82
  89077.322    65.768     0.31    2.05
  89453.991    66.090     0.86    2.36
  89830.652    66.743     1.73    2.43
  90207.303    67.498     2.00    2.60
  90583.945    68.318     2.18    2.83
  90960.578    69.703     3.68    3.10
  91337.201    70.561     2.28    3.66
  91713.816    72.631     5.50    5.31
  92090.421    73.139     1.35    5.59
  92467.017    73.911     2.05    5.76
  92843.604    74.113     0.54    4.83
  93220.181    73.061    -2.79    5.15
  93596.750    72.108    -2.53    5.43
  93973.309    71.536    -1.52    5.58
  94349.859    69.761    -4.71    4.11
  94726.400    70.961     3.19    5.84
  95102.932    73.500     6.74   11.21
  95479.454    80.161    17.69   17.62
  95855.968    85.333    13.74   18.99
  96232.472    89.562    11.23   19.17
  96608.967    91.378     4.82   17.67
  96985.453    90.561    -2.17   14.99
  97361.929    91.267     1.87   12.40
  97738.397    92.511     3.30   11.01
  98114.855    95.959     9.16   13.68
  98491.305    96.431     1.25   13.85
  98867.745    94.886    -4.10   15.54
  99244.176    93.939    -2.52   17.70
  99620.597    94.326     1.03   19.02
  99997.010    94.361     0.09   21.58
 100373.414    94.220    -0.37   19.82
 100749.808    90.865    -8.91   12.72
 101126.193    89.336    -4.06    6.12
 101502.569    91.036     4.52    6.08
 101878.936    92.817     4.73    5.53
 102255.294    94.164     3.58    4.65
 102631.643    95.573     3.74    4.41
 103007.982    96.805     3.28    4.60
 103384.313    99.573     7.35    6.85
 103760.634   103.959    11.66    8.27
 104136.946   107.703     9.95    7.91
 104513.249   111.886    11.12    8.93
 104889.543   114.773     7.67    9.62
 105265.828   116.086     3.49    8.35
 105642.104   117.882     4.77    7.75
 106018.370   119.668     4.74    7.09
 106394.628   120.344     1.80    5.89
 106770.876   121.431     2.89    5.27
 107147.116   120.911    -1.38    6.01
 107523.346   118.190    -7.23    6.82
 107899.567   114.113   -10.84    9.26
 108275.779   110.318   -10.09    9.65
 108651.982   109.405    -2.43    8.39
 109028.176   115.865    17.17   17.05
 109404.361   134.293    48.98   34.88
 109780.536   173.831   105.10   70.92
 110156.703   221.111   125.68   88.46
 110532.861   251.472    80.71   83.88
 110909.009   268.786    46.03   94.51
 111285.149   243.421   -67.43  102.57
 111661.279   208.686   -92.34   97.70
 112037.400   179.878   -76.59   85.29
 112413.512   165.817   -37.38   63.67
 112789.615   179.936    37.54   78.35
 113165.710   180.550     1.63   81.98
 113541.795   184.586    10.73   89.21
 113917.871   182.436    -5.72   92.40
 114293.937   155.361   -71.99   68.67
 114669.995   137.811   -46.67   49.95
 115046.044   120.928   -44.89   31.68
 115422.084   125.631    12.51   35.80
 115798.115   138.225    33.49   37.75
 116174.136   145.036    18.11   32.55
 116550.149   158.134    34.83   26.66
 116926.153   173.186    40.03   31.26
 117302.147   202.136    76.99   45.03
 117678.133   232.957    81.97   51.40
 118054.109   265.621    86.87   48.54
 118430.077   294.061    75.64   43.43
 118806.035   312.446    48.90   48.63
 119181.985   335.161    60.42   47.93
 119557.925   363.589    75.61   53.18
 119933.856   392.369    76.55   60.92
 120309.779   422.164    79.25   70.17
 120685.692   449.267    72.09   68.93
 121061.597   458.344    24.15   62.74
 121437.492   455.549    -7.43   55.58
 121813.378   441.134   -38.35   53.65
 122189.256   422.955   -48.36   51.12
 122565.124   422.865    -0.24   53.97
 122940.983   423.852     2.62   50.25
 123316.834   425.318     3.90   39.24
 123692.675   420.686   -12.32   33.46
 124068.507   412.062   -22.94   33.57
 124444.331   387.811   -64.52   36.32
 124820.145   379.549   -21.98   36.25
 125195.951   389.562    26.64   46.69
 125571.747   413.304    63.17   53.00
 125947.535   453.739   107.59   32.19
 126323.313   474.256    54.59   22.72
 126699.083   488.446    37.76   21.55
 127074.843   505.369    45.03   30.03
 127450.595   532.886    73.23   41.80
 127826.337   555.908    61.27   37.10
 128202.071   568.036    32.28   28.43
 128577.796   559.957   -21.50   41.56
 128953.511   516.511  -115.63   67.58
 129329.218   460.728  -148.46   76.73
 129704.916   410.207  -134.46   76.71
 130080.605   358.086  -138.72   56.09
 130456.285   330.905   -72.35   32.37
 130831.956   321.736   -24.40   28.13
 131207.618   325.436     9.85   29.07
 131583.271   335.402    26.53   31.59
 131958.915   338.186     7.41   33.17
 132334.550   350.747    33.44   31.53
 132710.176   361.457    28.51   28.16
 133085.794   361.508     0.14   26.88
 133461.402   365.586    10.86   22.56
 133837.001   370.311    12.58   16.34
 134212.592   371.061     2.00   13.73
 134588.174   366.498   -12.15   15.06
 134963.746   359.225   -19.36   19.18
 135339.310   354.012   -13.88   27.38
 135714.865   351.139    -7.65   30.97
 136090.411   357.652    17.34   36.62
 136465.948   371.461    36.77   28.54
 136841.476   375.959    11.98   24.54
 137216.995   374.586    -3.66   26.74
 137592.506   364.857   -25.91   34.72
 137968.007   362.386    -6.58   38.56
 138343.500   375.446    34.78   41.33
 138718.983   393.811    48.91   44.67
 139094.458   421.811    74.57   47.70
 139469.924   465.342   115.93   57.01
 139845.381   492.369    71.98   53.12
 140220.829   517.805    67.74   37.53
 140596.268   532.190    38.31   31.96
 140971.698   541.216    24.04   21.66
 141347.120   549.261    21.43   17.48
 141722.532   561.318    32.11   13.72
 142097.936   570.431    24.27   17.01
 142473.331   587.011    44.16   25.22
 142848.717   611.012    63.93   34.17
 143224.094   622.062    29.43   30.62
 143599.462   623.961     5.06   32.41
 143974.821   619.483   -11.93   34.09
 144350.172   611.792   -20.49   25.53
 144725.513   615.261     9.24   20.94
 145100.846   628.668    35.72   23.96
 145476.170   644.736    42.81   18.61
 145851.485   654.267    25.39   11.25
 146226.791   655.500     3.28   12.77
 146602.089   653.773    -4.60   12.93
 146977.377   652.575    -3.19   13.88
 147352.657   647.536   -13.42   16.19
 147727.927   637.561   -26.58   16.29
 148103.189   632.586   -13.26   11.44
 148478.443   629.675    -7.76   11.57
 148853.687   631.405     4.61   11.94
 149228.922   630.805    -1.60   11.57
 149604.149   625.267   -14.76   11.20
 149979.367   619.318   -15.85   10.89
 150354.576   615.139   -11.14   10.85
 150729.776   612.536    -6.94    9.17
 151104.967   612.344    -0.51    9.94
 151480.150   613.216     2.32   11.97
 151855.324   611.963    -3.34   11.67
 152230.489   607.985   -10.60    9.52
 152605.645   606.936    -2.80    8.40
 152980.792   606.299    -1.70    9.58
 153355.931   608.274     5.26   10.99
 153731.060   612.472    11.19   11.75
 154106.181   617.286    12.83   20.77
 154481.293   629.805    33.37   25.67
 154856.397   628.446    -3.62   30.30
 155231.491   606.621   -58.18   52.85
 155606.577   566.928  -105.82   65.44
 155981.654   527.768  -104.40   56.69
 156356.722   505.087   -60.46   47.36
 156731.781   532.985    74.37   71.36
 157106.832   572.652   105.75   81.22
 157481.874   620.431   127.39   60.87
 157856.907   651.786    83.60   26.66
 158231.931   660.959    24.46   14.29
 158606.947   662.318     3.62   13.06
 158982.094   659.182    -8.36   12.75
 159358.851   654.712   -11.87   14.10
 159735.598   648.231   -17.20   11.88
 160112.337   646.805    -3.78   10.33
 160489.067   648.472     4.42   11.29
 160865.788   651.010     6.74    9.01
 161242.500   652.395     3.68    8.29
 161619.203   655.231     7.53   10.28
 161995.898   658.882     9.69   11.27
 162372.584   660.786     5.05    9.73
 162749.260   659.549    -3.28    9.68
 163125.928   655.061   -11.91   12.33
 163502.587   648.941   -16.25   16.89
 163879.238   641.010   -21.05   16.89
 164255.879   631.936   -24.09   16.50
 164632.512   625.336   -17.52   14.87
 165009.136   620.402   -13.10   13.88
 165385.751   619.836    -1.50   14.43
 165762.357   622.758     7.76   15.00
 166138.955   624.550     4.76   15.41
 166515.543   630.198    15.00   12.41
 166892.123   634.536    11.52   12.95
 167268.694   633.786    -1.99   13.65
 167645.256   631.861    -5.11   14.00
 168021.810   628.318    -9.41   13.90
 168398.354   620.677   -20.29   13.94
 168774.890   616.986    -9.80   12.22
 169151.417   617.670     1.82   11.40
 169527.936   619.562     5.02   13.72
 169904.445   622.936     8.96   13.19
 170280.946   622.036    -2.39   11.93
 170657.438   616.500   -14.70   14.97
 171033.921   610.344   -16.35   13.41
 171410.395   607.036    -8.79   12.05
 171786.861   609.378     6.22   10.91
 172163.317   611.457     5.52    6.74
 172539.765   613.886     6.45    7.37
 172916.205   616.712     7.51    9.64
 173292.635   621.646    13.11   10.89
 173669.057   629.861    21.82   12.56
 174045.470   639.510    25.63   16.67
 174421.874   658.549    50.58   33.45
 174798.270   689.661    82.65   43.61
 175174.656   708.087    48.95   43.48
 175551.034   728.267    53.61   40.16
 175927.403   734.957    17.77   37.77
 176303.764   731.194   -10.00   32.07
 176680.116   727.203   -10.60   19.16
 177056.459   720.036   -19.04   15.08
 177432.793   719.963    -0.19   17.99
 177809.118   723.908    10.48   21.84
 178185.435   724.886     2.60   24.15
 178561.743   724.983     0.26   24.47
 178938.042   729.597    12.26   23.27
 179314.333   726.754    -7.55   21.00
 179690.615   720.677   -16.15   22.31
 180066.888   725.336    12.38   26.31
 180443.152   717.703   -20.29   29.84
 180819.408   707.274   -27.71   31.43
 181195.655   695.957   -30.08   34.56
 181571.893   681.575   -38.22   29.03
 181948.123   675.061   -17.31   27.27
 182324.344   663.087   -31.82   26.76
 182700.556   662.311    -2.06   25.17
 183076.759   658.508   -10.11   25.70
 183452.954   654.164   -11.55   24.69
 183829.140   653.799    -0.97   23.93
 184205.317   653.536    -0.70   21.90
 184581.486   656.523     7.94   24.97
 184957.646   665.036    22.63   25.22
 185333.797   669.161    10.97   21.27
 185709.940   677.164    21.27   26.04
 186086.074   679.908     7.29   26.56
 186462.199   689.402    25.24   31.04
 186838.315   708.604    51.05   34.49
 187214.423   725.646    45.31   35.19
 187590.523   739.036    35.60   35.93
 187966.613   748.186    24.33   31.70
 188342.695   750.241     5.46   29.47
 188718.768   745.010   -13.91   28.08
 189094.833   744.158    -2.27   21.44
 189470.888   742.747    -3.75   20.75
 189846.936   744.636     5.02   22.23
 190222.974   744.431    -0.55   21.87
 190599.004   744.670     0.64   22.68
 190975.025   745.586     2.44   23.19
 191351.038   747.279     4.50   21.79
 191727.042   743.882    -9.03   21.16
 192103.037   738.661   -13.88   20.85
 192479.024   730.703   -21.16   17.58
 192855.002   710.611   -53.43   32.81
 193230.971   688.352   -59.20   44.12
 193606.932   654.712   -89.47   45.97
 193982.884   630.415   -64.62   37.14
 194358.827   625.936   -11.91   31.23
 194734.762   633.670    20.57   40.80
 195110.688   645.421    31.25   52.97
 195486.606   683.161   100.38   68.57
 195862.515   725.010   111.31   82.15
 196238.415   770.109   119.96   74.66
 196614.307   784.611    38.58   56.98
 196990.190   759.985   -65.51   69.32
 197366.064   703.561  -150.10   86.68
 197741.930   646.908  -150.71   63.79
 198117.787   613.941   -87.70   42.04
 198493.636   599.694   -37.90   23.90
 198869.476   604.805    13.60   42.13
 199245.307   615.436    28.28   70.39
 199621.130   604.164   -29.99   95.04
 199996.944   593.811   -27.55  115.89
 200372.750   549.147  -118.84  135.03
 200748.547   548.986    -0.43  148.55
 201124.335   560.720    31.22  143.33
 201500.115   570.562    26.19  143.03
 201875.887   614.318   116.43  136.13
 202251.649   654.171   106.05  116.33
 202627.403   676.311    58.91  102.89
 203003.149   696.831    54.60   86.23
 203378.886   697.882     2.80   83.68
 203754.614   702.646    12.68   82.45
 204130.334   724.194    57.35   56.18
 204506.045   727.304     8.28   64.58
 204881.748   741.652    38.18   51.33
 205257.442   749.911    21.98   46.60
 205633.128   751.957     5.45   45.87
 206008.805   756.087    10.99   38.08
 206384.473   757.361     3.39   37.58
 206760.133   757.168    -0.51   42.17
 207135.784   761.811    12.36   38.77
 207511.427   739.405   -59.64   72.08
 207887.061   690.719  -129.59  113.83
 208262.687   614.886  -201.86  135.14
 208638.304   512.562  -272.38  120.08
 209013.913   425.754  -231.09   87.47
 209389.513   339.661  -229.19   88.97
 209765.104   279.882  -159.14   82.24
 210140.687   208.677  -189.56   72.67
 210516.262   161.164  -126.49   53.48
 210891.828   121.589  -105.36   31.97
 211267.385   101.536   -53.39   11.54
 211642.934    96.711   -12.85    4.23
 212018.474    94.836    -4.99    3.84
 212394.006    93.087    -4.66    4.23
 212769.529    94.311     3.26    5.37
 213145.044    98.985    12.44   10.04
 213520.551   104.011    13.38   10.99
 213896.048   110.395    17.00    9.03
 214271.538   118.711    22.14   12.57
 214647.018   129.498    28.72   18.39
 215022.491   140.985    30.59   17.63
 215397.954   152.841    31.57   12.79
 215773.410   159.847    18.66    7.06
 216148.856   163.626    10.06    6.70
 216524.295   165.936     6.15    7.79
 216899.724   166.139     0.54   10.38
 217275.146   169.261     8.32   13.94
 217650.559   172.092     7.54   23.97
 218025.963   192.062    53.19   45.81
 218401.359   213.247    56.42   57.71
 218776.746   213.836     1.57   59.60
 219152.125   204.646   -24.48   62.49
 219527.495   180.498   -64.32   55.35
 219902.857   154.686   -68.76   34.97
 220278.211   137.141   -46.74   11.12
 220653.556   129.597   -20.10   10.35
 221028.892   122.914   -17.80    7.00
 221404.220   119.799    -8.30    6.87
 221779.540   114.686   -13.62    5.11
 222154.851   111.562    -8.32    5.04
 222530.154   108.378    -8.49    4.97
 222905.448   104.780    -9.59    4.82
 223280.734   103.286    -3.98    4.57
 223656.011   100.857    -6.47    4.29
 224031.280    98.857    -5.33    4.64
 224406.540    96.786    -5.52    5.19
 224781.792    94.786    -5.33    5.18
 225157.036    94.267    -1.38    5.78
 225532.271    93.267    -2.66    5.42
 225907.497    92.615    -1.74    4.40
 226282.716    93.113     1.33    4.41
 226657.926    92.847    -0.71    5.62
 227033.127    93.186     0.90    6.06
 227408.320    92.711    -1.27    6.22
 227783.504    94.267     4.15    6.49
 228158.680    96.561     6.11    6.60
 228533.848    98.575     5.37    7.33
 228909.007   100.207     4.35    7.08
 229284.158   100.703     1.32    7.26
 229659.301    99.386    -3.51    7.64
 230034.435    99.062    -0.86    8.07
 230409.560    97.686    -3.67    6.85
 230784.677    95.136    -6.80    5.47
 231159.786    93.247    -5.04    5.58
 231534.887    92.761    -1.29    6.83
 231909.979    91.352    -3.76    7.53
 232285.062    91.036    -0.84   11.13
 232660.137    90.711    -0.87   14.03
 233035.204    94.457     9.99   17.98
 233410.263    95.983     4.07   19.57
 233785.313    93.592    -6.38   19.69
 234160.922    89.011   -12.19   18.08
 234537.649    80.882   -21.57    8.77
 234914.368    78.369    -6.67    7.86
 235291.078    77.010    -3.61    7.58
 235667.780    77.564     1.47    8.94
 236044.473    77.711     0.39    9.08
 236421.157    78.326     1.63   10.91
 236797.834    78.286    -0.10   11.62
