-243216.024    22.032     0.00    4.10
-242840.336    20.566    -3.90    3.69
-242464.641    19.061    -4.01    2.89
-242088.938    17.545    -4.03    2.52
-241713.228    15.830    -4.56    2.40
-241337.509    14.878    -2.53    2.33
-240961.783    13.699    -3.14    2.20
-240586.049    12.771    -2.47    2.17
-240210.307    11.280    -3.97    2.27
-239834.557    10.094    -3.15    1.93
-239458.799     9.755    -0.90    2.23
-239083.033     9.455    -0.80    2.53
-238707.260     9.135    -0.85    3.09
-238331.478    10.005     2.32    3.93
-237955.689    11.571     4.17    4.48
-237579.892    13.080     4.02    4.77
-237204.087    13.622     1.44    4.68
-236828.275    13.555    -0.18    4.60
-236452.454    11.555    -5.32    4.09
-236076.625    10.289    -3.37    3.56
-235700.789     8.541    -4.65    3.71
-235324.945     6.508    -5.41    3.06
-234949.093     5.340    -3.11    2.93
-234573.233     3.853    -3.96    2.89
-234197.365     2.545    -3.48    2.87
-233821.489     0.955    -4.23    3.00
-233445.606    -0.489    -3.84    2.18
-233069.714    -0.360     0.34    2.49
-232693.815     0.226     1.56    3.28
-232317.908     0.981     2.01    3.42
-231941.992     1.555     1.53    2.75
-231566.069     1.705     0.40    2.10
-231190.138     0.705    -2.66    2.44
-230814.200    -0.532    -3.29    2.81
-230438.253    -1.887    -3.60    2.72
-230062.298    -2.820    -2.48    2.53
-229686.336    -3.301    -1.28    2.55
-229310.365    -4.020    -1.91    2.50
-228934.387    -5.729    -4.54    2.42
-228558.401    -7.520    -4.76    2.71
-228182.406    -9.150    -4.34    2.69
-227806.404   -10.386    -3.29    2.72
-227430.394   -11.570    -3.15    2.73
-227054.376   -11.887    -0.84    3.17
-226678.351   -11.795     0.24    3.65
-226302.317   -10.916     2.34    3.81
-225926.275   -10.020     2.38    3.72
-225550.225    -8.420     4.25    3.08
-225174.168    -7.261     3.08    2.52
-224798.102    -6.531     1.94    2.45
-224422.029    -5.531     2.66    2.67
-224045.948    -3.695     4.88    2.90
-223669.858    -2.420     3.39    2.64
-223293.761    -1.660     2.02    2.15
-222917.656    -0.370     3.43    1.94
-222541.543     0.508     2.33    2.05
-222165.422     0.224    -0.76    2.33
-221789.293    -0.581    -2.14    2.97
-221413.156    -1.939    -3.61    3.66
-221037.011    -4.245    -6.13    3.55
-220660.858    -5.860    -4.30    3.05
-220284.697    -6.093    -0.62    2.92
-219908.528    -5.609     1.29    3.06
-219532.351    -5.370     0.64    2.48
-219156.166    -3.624     4.64    3.07
-218779.974    -1.558     5.49    4.94
-218403.773    -1.795    -0.63    5.82
-218027.564    -3.822    -5.39    6.85
-217651.348    -9.142   -14.14    6.62
-217275.123   -12.968   -10.17    4.42
-216898.890   -14.423    -3.87    3.87
-216522.650   -14.124     0.80    4.72
-216146.401   -13.295     2.20    5.57
-215770.145   -13.445    -0.40    7.57
-215393.880   -16.352    -7.73    6.81
-215017.607   -18.788    -6.47    4.49
-214641.327   -19.814    -2.73    4.46
-214265.038   -19.934    -0.32    4.70
-213888.742   -19.532     1.07    4.88
-213512.437   -19.865    -0.88    4.76
-213136.125   -20.282    -1.11    4.62
-212759.804   -20.720    -1.16    4.00
-212383.476   -21.070    -0.93    3.76
-212007.139   -20.570     1.33    3.96
-211630.794   -19.737     2.21    3.81
-211254.442   -18.711     2.72    3.13
-210878.081   -18.378     0.89    3.01
-210501.713   -17.634     1.98    2.51
-210125.336   -17.395     0.64    2.25
-209748.951   -16.934     1.22    2.12
-209372.559   -16.788     0.39    2.98
-208996.158   -15.887     2.39    3.61
-208619.749   -14.703     3.15    4.21
-208243.332   -13.814     2.36    4.00
-207866.907   -12.910     2.40    3.43
-207490.475   -11.695     3.23    3.45
-207114.034   -10.429     3.36    3.31
-206737.585    -9.360     2.84    3.31
-206361.128    -8.070     3.43    3.43
-205984.663    -6.450     4.30    3.35
-205608.190    -5.093     3.60    4.07
-205231.708    -3.814     3.40    3.76
-204855.219    -2.558     3.34    3.50
-204478.722    -1.378     3.13    3.21
-204102.217    -1.147     0.61    2.87
-203725.703    -0.520     1.67    3.08
-203349.182    -0.122     1.06    3.22
-202972.652     0.905     2.73    3.20
-202596.115     0.955     0.13    3.00
-202219.569     1.614     1.75    2.79
-201843.016     3.080     3.89    3.01
-201466.454     4.816     4.61    2.82
-201089.884     5.981     3.09    2.95
-200713.306     7.366     3.68    3.27
-200336.720     8.255     2.36    3.07
-199960.126     8.080    -0.46    3.03
-199583.524     7.455    -1.66    2.86
-199206.913     6.534    -2.45    2.98
-198830.295     5.981    -1.47    2.81
-198453.669     6.212     0.61    2.77
-198077.034     6.882     1.78    2.63
-197700.391     6.901     0.05    3.23
-197323.741     5.833    -2.83    3.87
-196947.082     3.878    -5.19    4.10
-196570.415     3.324    -1.47    3.98
-196193.740     4.355     2.74    4.32
-195817.057     5.955     4.25    4.49
-195440.365     7.760     4.79    3.67
-195063.666     7.824     0.17    3.84
-194686.959     7.280    -1.44    3.77
-194310.243     7.140    -0.37    2.85
-193933.522     7.248     0.29    2.80
-193558.410     6.580    -1.78    3.33
-193183.291     6.455    -0.33    3.54
-192808.163     6.980     1.40    3.59
-192433.028     8.005     2.73    3.88
-192057.884     9.980     5.26    3.65
-191682.733    12.205     5.93    3.77
-191307.573    13.063     2.29    3.61
-190932.405    13.144     0.22    4.17
-190557.230    13.483     0.90    4.33
-190182.046    12.980    -1.34    3.40
-189806.854    13.614     1.69    3.22
-189431.654    14.904     3.44    3.36
-189056.446    17.680     7.40    3.60
-188681.230    19.271     4.24    2.82
-188306.005    18.882    -1.04    3.19
-187930.773    18.519    -0.97    3.48
-187555.533    18.155    -0.97    3.45
-187180.284    18.305     0.40    3.38
-186805.028    19.442     3.03    3.22
-186429.763    21.053     4.29    3.35
-186054.490    22.192     3.04    2.94
-185679.209    23.750     4.15    3.23
-185303.920    24.880     3.01    3.08
-184928.623    24.904     0.06    3.38
-184553.318    25.655     2.00    3.61
-184178.005    25.289    -0.98    3.37
-183802.683    25.376     0.23    3.13
-183427.354    25.928     1.47    3.00
-183052.016    26.084     0.41    2.60
-182676.671    25.730    -0.94    2.56
-182301.317    25.519    -0.56    2.87
-181925.955    24.180    -3.57    3.38
-181550.585    22.981    -3.19    3.11
-181175.207    23.705     1.93    3.45
-180799.820    23.955     0.67    3.13
-180424.426    25.087     3.01    2.99
-180049.023    26.280     3.18    3.12
-179673.613    26.508     0.61    2.78
-179298.194    26.711     0.54    2.42
-178922.767    26.058    -1.74    2.59
-178547.332    25.330    -1.94    2.70
-178171.889    25.212    -0.32    2.63
-177796.437    25.545     0.89    2.60
-177420.978    26.530     2.62    3.09
-177045.510    27.344     2.17    2.71
-176670.034    26.725    -1.65    3.15
-176294.550    25.981    -1.98    3.90
-175919.058    24.307    -4.46    4.26
-175543.558    23.482    -2.20    3.94
-175168.049    23.594     0.30    3.59
-174792.533    23.905     0.83    3.19
-174417.008    23.853    -0.14    2.02
-174041.475    24.494     1.71    2.19
-173665.934    25.212     1.91    2.34
-173290.385    25.982     2.05    2.22
-172914.827    26.882     2.40    2.26
-172539.262    27.571     1.83    2.30
-172163.688    28.655     2.89    2.43
-171788.106    29.680     2.73    2.53
-171412.516    29.468    -0.56    2.94
-171036.917    28.272    -3.18    4.05
-170661.311    26.403    -4.98    4.48
-170285.696    24.055    -6.25    4.17
-169910.073    21.545    -6.68    3.72
-169534.442    20.419    -3.00    3.38
-169158.803    20.380    -0.10    2.66
-168783.155    20.511     0.35    2.25
-168407.500    22.117     4.28    2.70
-168031.836    24.271     5.73    2.74
-167656.164    25.080     2.15    2.72
-167280.483    26.904     4.85    2.75
-166904.795    28.355     3.86    3.47
-166529.098    30.571     5.90    3.50
-166153.393    31.718     3.05    3.03
-165777.680    30.673    -2.78    3.72
-165401.959    28.199    -6.58    4.76
-165026.229    25.640    -6.81    3.51
-164650.491    23.130    -6.68    2.83
-164274.745    23.350     0.58    3.47
-163898.991    25.224     4.99    5.13
-163523.228    28.776     9.45    6.91
-163147.458    31.878     8.26    6.42
-162771.679    32.596     1.91    5.98
-162395.891    31.596    -2.66    5.94
-162020.096    31.248    -0.93    5.92
-161644.292    31.117    -0.35    6.88
-161268.480    32.858     4.63    7.08
-160892.660    33.455     1.59    6.88
-160516.832    30.417    -8.08    6.11
-160140.995    29.442    -2.59    5.09
-159765.150    31.307     4.96    5.32
-159389.297    34.805     9.31    5.69
-159013.436    39.186    11.65    5.04
-158637.566    42.534     8.91    5.80
-158261.688    44.622     5.55    4.46
-157885.802    45.178     1.48    4.38
-157509.907    42.492    -7.14    5.60
-157134.004    39.186    -8.79    6.07
-156758.093    35.212   -10.57    5.66
-156382.174    32.058    -8.39    3.86
-156006.247    31.314    -1.98    2.76
-155630.311    31.030    -0.76    2.63
-155254.367    31.750     1.91    2.36
-154878.414    32.755     2.67    3.11
-154502.453    34.482     4.59    3.57
-154126.484    36.077     4.24    3.81
-153750.507    37.080     2.67    2.88
-153374.522    37.511     1.15    2.41
-152998.528    36.776    -1.95    2.57
-152622.526    37.391     1.64    3.02
-152246.515    38.480     2.90    3.46
-151870.496    39.805     3.52    3.91
-151494.469    39.650    -0.41    4.25
-151118.434    39.429    -0.59    4.59
-150742.390    38.847    -1.55    4.24
-150366.338    38.030    -2.17    2.90
-149990.278    39.102     2.85    2.81
-149614.209    40.034     2.48    3.46
-149238.132    41.955     5.11    4.50
-148862.047    44.482     6.72    4.58
-148485.954    46.230     4.65    4.16
-148109.852    47.638     3.74    3.80
-147733.742    48.429     2.10    3.61
-147357.623    48.480     0.14    3.51
-146981.496    49.561     2.87    4.01
-146605.361    49.882     0.85    4.19
-146229.217    49.442    -1.17    5.01
-145853.065    50.687     3.31    4.77
-145476.905    51.084     1.05    4.09
-145100.737    51.032    -0.14    4.16
-144724.560    50.955    -0.20    4.65
-144348.374    46.930   -10.70    6.08
-143972.181    43.705    -8.57    5.98
-143595.979    40.545    -8.40    5.02
-143219.769    38.172    -6.31    3.35
-142843.550    37.850    -0.85    3.30
-142467.323    37.594    -0.68    3.92
-142091.087    38.155     1.49    4.48
-141714.844    38.545     1.04    5.09
-141338.592    37.755    -2.10    5.56
-140962.331    36.853    -2.40    5.23
-140586.062    35.685    -3.10    4.47
-140209.785    34.419    -3.37    4.31
-139833.499    33.827    -1.57    4.15
-139457.205    32.648    -3.13    4.17
-139080.903    32.080    -1.51    4.32
-138704.592    32.596     1.37    5.03
-138328.273    33.480     2.35    4.53
-137951.946    34.648     3.10    3.85
-137575.610    34.058    -1.57    3.11
-137199.265    34.032    -0.07    3.47
-136822.913    33.237    -2.11    4.12
-136446.552    32.580    -1.75    4.38
-136070.182    30.844    -4.61    4.45
-135693.804    28.776    -5.50    2.98
-135317.418    27.297    -3.93    3.03
-134941.023    27.494     0.52    3.45
-134564.620    26.391    -2.93    3.91
-134188.209    25.797    -1.58    4.08
-133811.789    24.605    -3.17    3.69
-133435.361    25.160     1.47    4.04
-133058.924    27.034     4.98    4.44
-132682.479    28.126     2.90    4.07
-132306.025    27.820    -0.81    3.30
-131929.563    27.492    -0.87    4.07
-131553.093    27.186    -0.81    4.97
-131176.614    26.391    -2.11    5.55
-130800.126    25.366    -2.72    5.29
-130423.631    24.750    -1.63    4.46
-130047.127    24.394    -0.95    3.32
-129670.614    24.417     0.06    2.63
-129294.093    25.455     2.76    2.75
-128917.563    26.314     2.28    2.92
-128541.025    26.858     1.44    3.01
-128164.479    27.180     0.86    3.47
-127787.924    26.036    -3.04    3.91
-127411.361    24.805    -3.27    4.32
-127034.789    23.655    -3.05    3.39
-126658.209    22.680    -2.59    2.97
-126281.620    22.605    -0.20    3.39
-125905.023    21.150    -3.86    3.18
-125528.418    20.766    -1.02    3.34
-125151.804    21.350     1.55    3.58
-124775.181    22.330     2.60    4.81
-124398.550    24.355     5.38    5.80
-124021.911    24.853     1.32    6.98
-123645.263    24.055    -2.12    7.93
-123268.606    23.776    -0.74    6.82
-122891.942    23.955     0.48    5.47
-122515.268    24.955     2.65    5.10
-122138.586    26.648     4.49    5.02
-121761.896    26.175    -1.26    5.13
-121385.197    24.718    -3.87    5.94
-121008.490    23.955    -2.03    6.36
-120631.774    21.237    -7.21    5.27
-120255.050    19.230    -5.33    4.56
-119878.317    18.005    -3.25    4.47
-119501.576    18.797     2.10    5.19
-119124.826    19.755     2.54    6.08
-118748.471    19.587    -0.45    7.80
-118373.396    17.833    -4.67    9.23
-117998.313    14.305    -9.41    8.80
-117623.222    12.324    -5.28    6.52
-117248.122     9.622    -7.20    5.72
-116873.014     6.550    -8.19    6.31
-116497.898     3.555    -7.98    6.81
-116122.773     1.007    -6.79    6.17
-115747.639     0.289    -1.91    5.86
-115372.498    -0.096    -1.03    6.10
-114997.347     0.955     2.80    6.73
-114622.189     1.541     1.56    6.12
-114247.021     1.212    -0.88    6.78
-113871.846     1.403     0.51    7.49
-113496.662     0.405    -2.66    7.83
-113121.469    -1.019    -3.80    8.07
-112746.268    -0.845     0.46    7.88
-112371.058    -0.840     0.01    7.81
-111995.840    -1.070    -0.61    7.56
-111620.614    -0.992     0.21    7.33
-111245.379    -1.411    -1.12    7.62
-110870.136    -2.470    -2.82    7.48
-110494.884    -2.656    -0.50    6.33
-110119.623    -3.203    -1.46    5.72
-109744.355    -3.352    -0.40    5.92
-109369.077    -2.352     2.66    6.22
-108993.792    -2.583    -0.61    6.62
-108618.497    -1.609     2.60    6.79
-108243.195    -1.327     0.75    6.40
-107867.883    -0.153     3.13    6.48
-107492.564    -0.070     0.22    6.28
-107117.235     0.443     1.37    5.73
-106741.899     0.297    -0.39    5.99
-106366.553     0.205    -0.25    6.13
-105991.200     0.297     0.25    6.60
-105615.837     0.630     0.89    6.71
-105240.467     1.755     3.00    6.06
-104865.087     2.904     3.06    4.45
-104489.699     6.005     8.26    5.48
-104114.303     6.801     2.12    5.66
-103738.898     7.736     2.49    5.92
-103363.485     9.192     3.88    6.14
-102988.063     9.571     1.01    6.19
-102612.633     8.442    -3.00    6.23
-102237.194     7.853    -1.57    6.46
-101861.746     5.805    -5.45    7.54
-101486.290     3.280    -6.73    7.12
-101110.826     0.237    -8.10    7.19
-100735.353    -1.782    -5.38    6.18
-100359.871    -1.763     0.05    5.97
 -99984.381    -1.606     0.42    6.03
 -99608.883    -1.989    -1.02    5.99
 -99233.375    -1.264     1.93    6.37
 -98857.860    -0.404     2.29    6.58
 -98482.335    -0.173     0.61    7.05
 -98106.802     0.880     2.80    7.62
 -97731.261     0.955     0.20    7.53
 -97355.711    -0.045    -2.66    5.93
 -96980.152     0.850     2.38    5.76
 -96604.585     2.755     5.07    4.93
 -96229.010     3.725     2.58    4.52
 -95853.425     5.370     4.38    3.52
 -95477.833     4.780    -1.57    4.02
 -95102.231     3.007    -4.72    3.89
 -94726.621     2.130    -2.33    3.16
 -94351.003     3.468     3.56    4.07
 -93975.376     5.711     5.97    5.07
 -93599.740     9.630    10.43    5.56
 -93224.096    13.061     9.13    5.93
 -92848.443    15.613     6.79    5.48
 -92472.782    17.372     4.68    5.57
 -92097.112    18.030     1.75    4.83
 -91721.433    18.135     0.28    4.45
 -91345.746    19.571     3.82    5.33
 -90970.050    21.571     5.32    5.40
 -90594.346    23.316     4.65    4.77
 -90218.633    23.541     0.60    4.87
 -89842.911    24.878     3.56    4.74
 -89467.181    27.008     5.67    4.99
 -89091.442    29.080     5.52    4.66
 -88715.695    30.058     2.60    3.81
 -88339.938    29.480    -1.54    4.48
 -87964.174    27.109    -6.31    5.52
 -87588.401    25.055    -5.47    4.69
 -87212.619    24.904    -0.40    4.22
 -86836.828    26.480     4.19    4.49
 -86461.029    29.205     7.25    4.53
 -86085.221    30.816     4.29    3.60
 -85709.405    31.776     2.55    4.06
 -85333.580    34.032     6.00    5.13
 -84957.746    34.571     1.43    4.96
 -84581.904    34.237    -0.89    5.66
 -84206.053    32.007    -5.93    6.90
 -83830.193    29.545    -6.55    5.55
 -83454.325    28.561    -2.62    4.37
 -83078.448    30.055     3.98    4.21
 -82702.563    31.443     3.69    3.86
 -82326.668    32.429     2.62    3.92
 -81950.766    34.655     5.92    5.64
 -81574.854    35.245     1.57    5.66
 -81198.934    35.680     1.16    5.62
 -80823.005    36.080     1.06    5.48
 -80447.068    34.366    -4.56    4.57
 -80071.122    34.355    -0.03    5.68
 -79695.167    36.350     5.31    7.09
 -79319.203    41.102    12.64    9.61
 -78943.231    45.058    10.52   10.11
 -78567.250    48.199     8.35   10.08
 -78191.261    47.212    -2.63   10.26
 -77815.263    43.981    -8.59    8.57
 -77439.256    42.930    -2.79    6.11
 -77063.240    43.587     1.75    4.94
 -76687.216    45.109     4.05    4.26
 -76311.183    45.622     1.36    4.26
 -75935.142    45.692     0.19    4.60
 -75559.091    46.876     3.15    4.62
 -75183.032    49.289     6.41    4.82
 -74806.965    52.330     8.09    5.56
 -74430.888    54.680     6.25    4.64
 -74054.803    55.080     1.06    4.03
 -73678.709    54.135    -2.51    4.98
 -73302.607    52.534    -4.26    4.99
 -72926.496    49.809    -7.25    5.12
 -72550.376    48.545    -3.36    5.15
 -72174.247    46.084    -6.54    5.62
 -71798.110    42.180   -10.38    5.74
 -71421.964    38.289   -10.35    5.73
 -71045.809    34.630    -9.73    6.09
 -70669.645    31.160    -9.22    4.94
 -70293.473    28.855    -6.13    3.63
 -69917.292    26.981    -4.98    2.75
 -69541.102    26.605    -1.00    2.78
 -69164.904    26.855     0.66    4.81
 -68788.697    32.650    15.40   11.22
 -68412.481    40.135    19.89   14.73
 -68036.256    46.007    15.61   13.31
 -67660.023    51.130    13.62    9.58
 -67283.781    51.494     0.97   10.13
 -66907.530    48.561    -7.80   11.79
 -66531.270    42.391   -16.40   13.41
 -66155.002    34.534   -20.88   13.79
 -65778.724    27.930   -17.55   10.39
 -65402.439    22.370   -14.78    6.09
 -65026.144    20.745    -4.32    3.91
 -64649.840    22.355     4.28    4.75
 -64273.528    26.519    11.07    7.00
 -63897.207    30.880    11.59    7.36
 -63520.878    35.858    13.23    7.08
 -63144.539    40.468    12.25    7.55
 -62768.192    46.455    15.91    9.12
 -62391.836    50.718    11.33   10.06
 -62015.471    54.055     8.87    8.92
 -61639.097    53.468    -1.56   10.38
 -61262.715    54.882     3.76    8.52
 -60886.324    54.805    -0.20    6.90
 -60509.924    56.878     5.51    7.72
 -60133.515    62.355    14.55    8.66
 -59757.097    68.596    16.58    6.03
 -59380.671    70.809     5.88    4.48
 -59004.236    71.005     0.52    5.18
 -58627.792    69.613    -3.70    6.09
 -58251.339    68.640    -2.59    6.25
 -57874.878    66.766    -4.98    7.39
 -57498.407    60.305   -17.16   11.98
 -57121.928    56.155   -11.02   10.05
 -56745.440    55.055    -2.92    9.15
 -56368.943    58.442     9.00   11.04
 -55992.438    65.039    17.52    6.69
 -55615.923    65.355     0.84    7.00
 -55239.400    60.880   -11.88   10.04
 -54862.868    52.718   -21.68   11.56
 -54486.327    41.780   -29.05   12.10
 -54109.777    34.160   -20.24   10.60
 -53733.219    31.905    -5.99    8.44
 -53356.651    31.186    -1.91    7.72
 -52980.075    35.105    10.41    8.48
 -52603.490    40.725    14.92    6.14
 -52226.896    42.494     4.70    6.21
 -51850.293    43.468     2.59    6.42
 -51473.682    39.766    -9.83    9.27
 -51097.061    37.545    -5.90    7.93
 -50720.432    36.289    -3.34    8.06
 -50343.794    39.058     7.35    9.75
 -49967.147    43.255    11.14   10.47
 -49590.491    46.350     8.22    8.78
 -49213.826    45.648    -1.86   10.83
 -48837.152    40.008   -14.97   12.21
 -48460.470    32.648   -19.54   10.31
 -48083.779    28.930    -9.87    4.94
 -47707.078    29.705     2.06    3.88
 -47330.369    31.405     4.51    4.24
 -46953.651    34.130     7.23    4.64
 -46576.925    36.135     5.32    4.91
 -46200.189    39.494     8.92    4.92
 -45823.444    42.850     8.91    4.58
 -45446.691    44.565     4.55    5.05
 -45069.929    46.776     5.87    4.72
 -44693.157    47.755     2.60    4.37
 -44316.377    48.905     3.05    4.31
 -43939.588    50.366     3.88    3.90
 -43563.624    50.930     1.50    3.57
 -43188.588    51.534     1.61    3.46
 -42813.542    50.705    -2.21    3.25
 -42438.488    49.571    -3.03    3.04
 -42063.425    48.516    -2.81    3.56
 -41688.354    47.105    -3.76    3.68
 -41313.273    46.372    -1.96    4.31
 -40938.184    45.366    -2.68    4.69
 -40563.085    42.280    -8.23    4.26
 -40187.978    40.622    -4.42    3.88
 -39812.862    39.109    -4.03    3.82
 -39437.738    38.212    -2.39    4.15
 -39062.604    36.955    -3.35    5.04
 -38687.462    35.594    -3.63    5.78
 -38312.311    36.205     1.63    6.67
 -37937.151    35.272    -2.49    7.16
 -37561.982    34.725    -1.46    7.68
 -37186.804    33.405    -3.52    6.64
 -36811.617    31.468    -5.16    5.18
 -36436.422    29.830    -4.37    5.21
 -36061.217    28.801    -2.74    5.03
 -35686.004    28.455    -0.92    4.99
 -35310.782    29.391     2.49    6.87
 -34935.551    30.340     2.53    8.37
 -34560.312    28.346    -5.31    8.33
 -34185.063    25.523    -7.52    6.10
 -33809.805    27.725     5.87    7.69
 -33434.539    29.505     4.75    8.64
 -33059.264    31.430     5.13    8.12
 -32683.980    32.405     2.60    7.29
 -32308.687    30.622    -4.75    5.57
 -31933.385    31.561     2.50    5.57
 -31558.074    31.534    -0.07    6.88
 -31182.754    30.955    -1.54    8.17
 -30807.426    31.224     0.71    8.67
 -30432.088    30.780    -1.18    8.37
 -30056.742    28.780    -5.33    8.60
 -29681.387    26.350    -6.47    8.06
 -29306.023    26.224    -0.34    7.23
 -28930.650    27.272     2.79    6.83
 -28555.268    29.545     6.05    6.52
 -28179.877    32.205     7.09    4.11
 -27804.477    32.160    -0.12    4.49
 -27429.068    30.598    -4.16    4.84
 -27053.651    28.192    -6.41    4.86
 -26678.224    26.007    -5.82    4.59
 -26302.789    23.725    -6.08    4.35
 -25927.345    21.109    -6.97    4.30
 -25551.891    18.555    -6.80    4.60
 -25176.429    15.816    -7.29    4.84
 -24800.958    13.180    -7.02    5.26
 -24425.478    10.403    -7.40    5.14
 -24049.989     8.084    -6.18    4.36
 -23674.491     7.032    -2.80    2.83
 -23298.985     7.376     0.92    2.86
 -22923.469     7.355    -0.06    2.78
 -22547.944     7.084    -0.72    2.52
 -22172.410     6.827    -0.68    2.52
 -21796.868     6.126    -1.87    2.46
 -21421.316     5.587    -1.44    1.99
 -21045.756     6.004     1.11    2.31
 -20670.186     6.596     1.58    2.41
 -20294.608     6.930     0.89    2.50
 -19919.021     7.186     0.68    2.34
 -19543.424     7.494     0.82    2.36
 -19167.819     6.760    -1.95    2.62
 -18792.205     6.403    -0.95    3.09
 -18416.582     6.655     0.67    3.37
 -18040.949     6.417    -0.63    3.27
 -17665.308     7.004     1.56    2.90
 -17289.658     6.878    -0.33    3.85
 -16913.999     7.212     0.89    3.97
 -16538.331     8.314     2.93    4.11
 -16162.654     9.519     3.21    2.98
 -15786.968     8.981    -1.43    3.40
 -15411.273     8.519    -1.23    3.35
 -15035.569     8.087    -1.15    3.13
 -14659.856     8.140     0.14    2.64
 -14284.134     7.678    -1.23    2.53
 -13908.403     7.605    -0.19    2.46
 -13532.663     7.005    -1.60    2.35
 -13156.914     7.105     0.27    2.62
 -12781.156     8.237     3.01    3.82
 -12405.389     9.008     2.05    4.08
 -12029.613     8.809    -0.53    3.89
 -11653.828     8.981     0.46    3.64
 -11278.034     8.455    -1.40    3.62
 -10902.231     7.630    -2.20    2.87
 -10526.419     8.160     1.41    3.69
 -10150.597     8.663     1.34    3.86
  -9774.767     8.692     0.08    3.96
  -9398.928     8.980     0.77    4.36
  -9023.080     9.160     0.48    4.18
  -8647.223     9.858     1.86    4.66
  -8271.357    10.680     2.19    4.24
  -7895.481    10.011    -1.78    4.07
  -7519.597     9.218    -2.11    3.29
  -7143.704    10.505     3.42    3.91
  -6767.801    11.468     2.56    4.43
  -6391.890    12.468     2.66    4.93
  -6015.969    13.905     3.82    5.03
  -5640.040    16.930     8.04    5.66
  -5264.101    19.117     5.82    6.09
  -4888.154    21.155     5.42    6.31
  -4512.197    21.053    -0.27    5.69
  -4136.231    19.186    -4.97    6.37
  -3760.256    15.680    -9.32    6.64
  -3384.272    13.403    -6.06    5.28
  -3008.279    11.419    -5.28    4.47
  -2632.277     9.155    -6.02    3.92
  -2256.266     9.673     1.38    4.21
  -1880.246     7.630    -5.43    5.43
  -1504.217     6.776    -2.27    5.78
  -1128.179     5.408    -3.64    6.05
   -752.131     3.140    -6.03    5.43
   -376.075     1.904    -3.29    4.39
     -0.009     0.730    -3.12    2.69
    376.065     0.981     0.67    2.74
    752.149     2.280     3.45    4.22
   1128.242     5.011     7.26    5.86
   1504.344     5.705     1.85    5.24
   1880.455     7.468     4.69    4.88
   2256.575     9.245     4.72    4.20
   2632.704    10.519     3.39    4.30
   3008.843    11.237     1.91    3.92
   3384.990    11.055    -0.48    4.02
   3761.147    10.571    -1.29    3.66
   4137.312     9.391    -3.14    2.77
   4513.487     9.468     0.20    2.76
   4889.671     9.928     1.22    3.14
   5265.864     9.468    -1.22    3.57
   5642.066     9.032    -1.16    3.92
   6018.277     9.280     0.66    4.47
   6394.498    10.109     2.20    5.07
   6770.727     9.878    -0.61    4.58
   7146.966    10.858     2.60    4.88
   7523.214    13.271     6.41    4.99
   7899.471    16.555     8.73    4.78
   8275.737    18.622     5.49    4.03
   8652.012    19.614     2.64    3.57
   9028.296    19.150    -1.23    4.46
   9404.590    18.350    -2.13    5.21
   9780.892    17.955    -1.05    5.32
  10157.204    17.630    -0.86    5.32
  10533.525    17.760     0.35    5.08
  10909.855    17.530    -0.61    4.66
  11286.195    17.324    -0.55    4.05
  11662.543    18.550     3.26    3.18
  12038.901    18.090    -1.22    2.94
  12415.267    17.155    -2.48    3.67
  12791.643    15.180    -5.25    4.42
  13168.028    13.205    -5.25    4.82
  13544.423    11.130    -5.51    4.46
  13920.826    10.508    -1.65    3.70
  14297.239    10.370    -0.37    3.15
  14673.660    11.785     3.76    3.48
  15050.091    12.622     2.22    3.50
  15426.532    14.030     3.74    3.74
  15802.981    14.482     1.20    3.27
  16179.440    14.492     0.03    2.96
  16555.907    15.212     1.91    3.43
  16932.384    14.622    -1.57    3.79
  17308.870    13.750    -2.32    3.86
  17685.366    12.904    -2.25    3.73
  18061.870    13.565     1.76    4.22
  18438.384    14.666     2.92    4.68
  18814.907    15.180     1.37    5.07
  19191.439    14.725    -1.21    4.95
  19567.980    13.555    -3.11    4.44
  19944.531    13.655     0.27    4.71
  20321.091    13.034    -1.65    4.70
  20697.660    14.494     3.88    4.50
  21074.238    13.904    -1.57    5.06
  21450.826    13.109    -2.11    5.33
  21827.422    11.340    -4.70    4.93
  22204.028     9.587    -4.65    4.21
  22580.643     7.930    -4.40    3.06
  22957.268     7.005    -2.46    2.22
  23333.901     6.955    -0.13    1.47
  23710.544     7.545     1.57    3.00
  24087.196     9.429     5.00    5.77
  24463.858    10.492     2.82    5.85
  24840.528    10.186    -0.81    6.54
  25217.208     8.833    -3.59    6.08
  25593.897     7.830    -2.66    4.22
  25970.596     7.571    -0.69    3.49
  26347.303     8.980     3.74    3.28
  26724.020    10.160     3.13    3.56
  27100.746    10.880     1.91    3.63
  27477.482    12.297     3.76    3.41
  27854.226    13.614     3.49    4.38
  28230.980    15.305     4.49    4.68
  28607.744    18.087     7.38    4.50
  28984.516    19.355     3.37    3.95
  29361.298    19.955     1.59    3.63
  29738.089    19.855    -0.27    3.95
  30114.889    19.955     0.27    4.10
  30491.699    19.733    -0.59    4.30
  30868.518    20.850     2.96    4.48
  31245.346    22.140     3.42    5.33
  31620.887    22.555     1.11    5.87
  31995.881    23.809     3.34    6.57
  32370.884    23.830     0.06    7.92
  32745.897    23.280    -1.47    8.25
  33120.919    23.482     0.54    8.74
  33495.949    22.443    -2.77    8.83
  33870.989    23.053     1.63    8.41
  34246.039    23.109     0.15    7.87
  34621.097    21.780    -3.54    7.91
  34996.165    20.263    -4.05    6.69
  35371.242    18.670    -4.25    6.66
  35746.328    15.442    -8.60    5.19
  36121.423    15.109    -0.89    5.95
  36496.528    14.853    -0.68    5.85
  36871.642    14.032    -2.19    5.29
  37246.765    14.130     0.26    6.04
  37621.897    13.650    -1.28    3.92
  37997.038    14.519     2.32    4.07
  38372.189    14.904     1.03    4.97
  38747.349    13.186    -4.58    5.19
  39122.518    12.580    -1.61    5.41
  39497.697    13.718     3.03    7.12
  39872.885    18.237    12.04    9.43
  40248.082    23.034    12.79    9.52
  40623.288    25.605     6.85    8.48
  40998.503    24.809    -2.12    9.36
  41373.728    24.263    -1.46   10.09
  41748.962    21.980    -6.08    9.41
  42124.205    18.666    -8.83   10.56
  42499.458    15.150    -9.37   10.37
  42874.720    10.530   -12.31    8.85
  43249.991     6.981    -9.46    7.50
  43625.271     4.805    -5.80    6.37
  44000.561     4.622    -0.49    6.65
  44375.859     5.074     1.21    6.65
  44751.168     6.613     4.10    7.08
  45126.485     9.109     6.65    7.06
  45501.812    11.455     6.25    6.66
  45877.148    14.480     8.06    5.92
  46252.493    16.630     5.73    5.79
  46627.848    17.928     3.46    6.23
  47003.212    19.725     4.79    5.18
  47378.585    20.797     2.86    4.87
  47753.967    21.212     1.10    5.82
  48129.359    19.955    -3.35    6.98
  48504.760    19.324    -1.68    7.51
  48880.171    20.391     2.84    8.01
  49255.590    23.166     7.39    7.55
  49631.019    24.055     2.37    6.86
  50006.458    24.980     2.46    5.84
  50381.905    25.666     1.83    5.50
  50757.362    24.580    -2.89    5.87
  51132.829    22.982    -4.26    5.86
  51508.304    20.907    -5.53    4.87
  51883.789    19.545    -3.63    3.12
  52259.284    19.878     0.89    3.59
  52634.787    21.297     3.78    4.70
  53010.300    21.622     0.87    4.27
  53385.822    21.882     0.69    4.32
  53761.354    21.442    -1.17    4.04
  54136.895    20.346    -2.92    4.18
  54512.445    19.058    -3.43    4.36
  54888.005    17.930    -3.00    3.63
  55263.574    16.780    -3.06    3.10
  55639.152    16.034    -1.99    2.26
  56014.740    16.468     1.16    2.70
  56390.337    16.622     0.41    4.20
  56765.944    16.058    -1.50    4.38
  57141.559    17.980     5.12   18.14
  57517.184    29.113    29.64   44.10
  57892.819    36.130    18.68   50.49
  58268.463    36.596     1.24   51.11
  58644.116    24.366   -32.56   36.71
  59019.779    17.760   -17.58   20.41
  59395.451    22.648    13.01   33.73
  59771.132    27.175    12.05   42.67
  60146.823    26.417    -2.02   43.98
  60522.523    15.102   -30.12   12.08
  60898.233    17.366     6.03   16.19
  61273.952    18.705     3.57   16.09
  61649.680    19.077     0.99   15.68
  62025.418    21.455     6.33   20.57
  62401.165    25.305    10.25   34.31
  62776.921    25.561     0.68   36.69
  63152.687    22.175    -9.01   33.82
  63528.462    13.614   -22.78   10.82
  63904.247    13.955     0.91   12.49
  64280.041    17.058     8.26   23.74
  64655.845    25.280    21.88   31.97
  65031.658    37.468    32.43   46.12
  65407.480    56.160    49.74   63.18
  65783.312    76.534    54.21   90.96
  66159.153    92.699    43.01  106.98
  66535.004    87.178   -14.69  116.40
  66910.864    69.555   -46.89   95.87
  67286.733    82.055    33.26   86.01
  67662.612    96.380    38.11   90.01
  68038.500   119.878    62.52   98.37
  68414.398   123.596     9.89  102.52
  68790.305   110.122   -35.85  107.01
  69166.222    67.725  -112.79   82.43
  69542.148    41.930   -68.62   30.57
  69918.083    41.755    -0.47   13.92
  70294.028    49.545    20.72   14.73
  70669.983    57.102    20.10   17.15
  71045.947    61.166    10.81   16.58
  71421.920    61.130    -0.09   14.47
  71797.903    56.314   -12.81   15.46
  72173.895    48.394   -21.07   14.27
  72549.897    40.280   -21.58   13.84
  72925.908    37.455    -7.51   14.98
  73301.929    37.160    -0.78   26.29
  73677.959    46.955    26.05   53.82
  74053.998    52.880    15.76   62.54
  74430.047    91.630   103.05   95.91
  74806.106   110.980    51.46  102.13
  75182.174   105.468   -14.66   99.00
  75558.252    84.144   -56.70   92.99
  75934.339    52.930   -83.00   71.67
  76310.435    48.370   -12.13   49.70
  76686.541    83.680    93.89   85.86
  77062.656   116.305    86.75   93.44
  77438.781   115.271    -2.75   86.31
  77814.916    89.146   -69.46   88.01
  78191.060    42.680  -123.54   48.25
  78567.213    23.186   -51.83    9.72
  78943.376    21.530    -4.40    7.63
  79319.549    20.801    -1.94    3.00
  79695.731    21.455     1.74    3.40
  80071.922    23.007     4.12    4.17
  80448.123    24.058     2.79    4.48
  80824.334    24.981     2.45    3.98
  81200.554    26.340     3.61    4.93
  81576.783    27.248     2.41    5.04
  81953.022    27.761     1.36    4.76
  82329.271    30.321     6.81    5.06
  82705.529    31.750     3.80    5.71
  83081.797    34.622     7.63    7.94
  83458.074    37.630     8.00    9.22
  83834.361    38.850     3.24    9.62
  84210.657    41.827     7.91   12.23
  84586.963    42.904     2.86   12.69
  84963.278    43.007     0.27   11.96
  85339.603    47.833    12.83   11.69
  85715.938    51.797    10.53   10.84
  86092.282    54.105     6.13   11.16
  86468.635    56.263     5.73   13.03
  86844.998    60.555    11.41   21.55
  87221.371    85.638    66.65   54.99
  87597.753   115.494    79.33   66.03
  87974.145   134.077    49.38   59.03
  88350.547   141.699    20.25   59.39
  88726.958   146.004    11.44   58.84
  89103.378   161.622    41.49   85.02
  89479.808   220.830   157.30  125.23
  89856.248   276.004   146.58  126.78
  90232.697   326.403   133.89  129.32
  90609.156   407.080   214.32  133.90
  90985.624   475.982   183.03  101.02
  91362.102   490.907    39.65   75.73
  91738.590   484.809   -16.20   70.61
  92115.087   480.850   -10.52   77.86
  92491.594   442.750  -101.20   88.63
  92868.110   371.980  -187.97  123.30
  93244.636   308.955  -167.39  148.39
  93621.172   222.355  -230.00  126.30
  93997.717   159.376  -167.26  100.75
  94374.272   129.166   -80.23   86.98
  94750.836   111.039   -48.14   62.69
  95127.411   111.430     1.04   68.03
  95503.994   153.760   112.41  110.07
  95880.587   202.980   130.71  151.71
  96257.190   283.730   214.43  167.68
  96633.803   368.745   225.75  158.60
  97010.425   411.955   114.74  137.95
  97387.057   465.055   140.99  121.73
  97763.698   494.084    77.08  107.59
  98140.349   505.380    29.99   82.81
  98517.010   520.237    39.45   76.98
  98893.680   531.882    30.92   65.26
  99270.360   547.750    42.13   60.63
  99647.050   556.930    24.37   47.93
 100023.749   546.680   -27.21   42.89
 100400.458   522.853   -63.26   53.22
 100777.176   496.126   -70.95   40.51
 101153.904   473.271   -60.67   38.11
 101530.642   456.571   -44.33   40.94
 101907.390   424.255   -85.78   48.74
 102284.147   390.405   -89.85   53.79
 102660.914   356.405   -90.25   43.14
 103037.690   331.034   -67.34   40.32
 103414.476   292.305  -102.79   68.21
 103791.272   216.058  -202.37  107.01
 104168.078   148.519  -179.25  111.40
 104544.893    83.263  -173.19   97.03
 104921.718    32.237  -135.42   31.75
 105298.552    23.930   -22.05    5.66
 105675.396    23.263    -1.77    2.87
 106052.250    23.853     1.57    2.40
 106429.114    24.394     1.44    2.31
 106804.210    24.955     1.50    2.40
 107179.165    26.053     2.93    3.60
 107554.128    28.314     6.03    5.23
 107929.102    31.130     7.51    5.82
 108304.085    32.905     4.73    5.55
 108679.077    33.417     1.36    5.48
 109054.080    34.432     2.71    4.99
 109429.091    34.955     1.40    5.03
 109804.113    35.687     1.95    6.05
 110179.144    36.237     1.47    6.01
 110554.185    36.272     0.09    5.69
 110929.235    35.750    -1.39    5.05
 111304.295    36.545     2.12    4.91
 111679.364    37.980     3.83    5.03
 112054.443    39.955     5.27    5.61
 112429.532    43.380     9.13    7.25
 112804.630    47.494    10.97   13.58
 113179.738    52.827    14.22   23.12
 113554.856    59.084    16.68   35.25
 113929.983    62.929    10.25   43.58
 114305.120    52.480   -27.85   19.59
 114680.267    48.904    -9.53    9.19
 115055.423    45.494    -9.09    7.34
 115430.589    42.419    -8.20    8.09
 115805.764    40.699    -4.58    7.95
 116180.949    36.980    -9.91    7.19
 116556.144    35.087    -5.05    7.61
 116931.348    33.098    -5.30    6.36
 117306.562    30.827    -6.05    4.62
 117681.786    30.417    -1.09    3.94
 118057.019    29.305    -2.96    3.95
 118432.262    28.596    -1.89    3.90
 118807.515    29.565     2.58    4.74
 119182.778    31.417     4.93    6.30
 119558.050    34.736     8.84    8.45
 119933.331    38.571    10.22    9.78
 120308.623    41.830     8.69   11.69
 120683.924    50.805    23.92   22.51
 121059.235    68.519    47.20   48.56
 121434.555    98.084    78.78   78.05
 121809.885   128.930    82.19   95.92
 122185.225   153.186    64.63  101.75
 122560.574   231.030   207.41  136.49
 122935.934   320.824   239.24  135.52
 123311.303   401.330   214.49  119.17
 123686.681   465.494   170.94   58.92
 124062.069   481.955    43.86   58.29
 124437.467   457.297   -65.69   77.18
 124812.875   414.750  -113.34   86.86
 125188.293   377.468   -99.32   83.35
 125563.720   335.113  -112.82   69.33
 125939.157   304.809   -80.72   49.79
 126314.603   293.801   -29.32   33.15
 126690.059   303.084    24.72   45.17
 127065.525   341.809   103.15   71.82
 127441.001   388.160   123.46   76.15
 127816.487   452.614   171.67   94.16
 128191.982   534.878   219.10  128.68
 128567.487   620.736   228.66  142.47
 128943.001   693.699   194.32  127.97
 129318.526   738.905   120.39   99.14
 129694.060   743.230    11.52   90.29
 130069.604   717.519   -68.47  107.57
 130445.157   661.417  -149.40  100.53
 130820.721   603.878  -153.22   91.83
 131196.294   566.417   -99.75   92.88
 131571.877   504.680  -164.39   97.09
 131947.469   439.218  -174.30   88.36
 132323.072   391.280  -127.64   77.21
 132698.684   349.699  -110.71   50.35
 133074.306   326.405   -62.02   32.54
 133449.937   318.516   -21.00   20.79
 133825.579   315.545    -7.91   20.14
 134201.230   338.321    60.64   41.30
 134576.891   366.648    75.41   66.12
 134952.562   391.931    67.31   71.58
 135328.242   410.289    48.87   69.74
 135703.932   390.480   -52.73   72.65
 136079.633   367.589   -60.93   56.33
 136455.342   352.455   -40.28   51.81
 136831.062   358.480    16.04   70.64
 137206.791   363.080    12.24   87.23
 137582.531   376.687    36.22  105.93
 137958.280   394.541    47.52  113.58
 138334.039   377.955   -44.14  104.83
 138709.807   394.955    45.24  104.17
 139085.586   404.930    26.55  110.02
 139461.374   411.622    17.81  106.98
 139837.172   431.801    53.70  106.87
 140212.980   441.109    24.77  109.01
 140588.797   459.596    49.20   84.01
 140964.625   462.061     6.56   70.14
 141340.462   431.180   -82.17   72.41
 141716.309   392.355  -103.31   74.76
 142092.166   357.105   -93.79   69.43
 142468.033   317.007  -106.69   48.13
 142843.910   300.587   -43.69   32.74
 143219.796   291.882   -23.16   24.16
 143595.692   290.981    -2.40   21.33
 143971.598   294.419     9.15   31.53
 144347.514   293.780    -1.70   44.93
 144723.440   293.330    -1.20   47.81
 145099.376   285.479   -20.89   49.54
 145475.321   274.534   -29.12   49.42
 145851.276   262.080   -33.13   43.82
 146227.242   243.058   -50.60   27.60
 146603.217   237.321   -15.26   21.48
 146979.201   234.028    -8.76   22.73
 147355.196   232.482    -4.11   20.69
 147731.201   233.780     3.45   30.52
 148107.215   233.680    -0.27   36.21
 148483.240   234.809     3.00   44.85
 148859.274   224.605   -27.14   48.23
 149235.318   216.482   -21.60   45.95
 149611.372   197.113   -51.51   28.37
 149987.436   188.113   -23.93   20.20
 150363.509   186.355    -4.67   17.88
 150739.593   188.830     6.58   23.67
 151115.686   197.130    22.07   37.61
 151491.790   211.314    37.72   53.24
 151867.903   226.469    40.30   60.06
 152244.026   250.687    64.40   84.58
 152620.159   279.776    77.34   96.49
 152996.302   291.827    32.04   94.24
 153372.455   310.405    49.39   91.83
 153748.617   344.904    91.72   93.35
 154124.790   362.765    47.48   92.02
 154500.973   380.725    47.75   88.38
 154877.165   395.555    39.43   80.05
 155253.367   399.237     9.79   81.07
 155629.580   360.981  -101.70   74.85
 156005.802   344.241   -44.50   63.00
 156382.034   321.350   -60.85   38.72
 156758.276   309.505   -31.48   49.68
 157134.528   287.405   -58.74   57.03
 157510.790   282.882   -12.02   53.92
 157887.062   283.880     2.65   61.61
 158263.343   322.316   102.16   79.07
 158639.635   378.376   148.99   94.40
 159015.937   441.289   167.20   92.89
 159392.248   476.648    93.97  100.56
 159768.570   506.571    79.52  111.28
 160144.901   536.780    80.28  124.80
 160521.242   562.750    69.01  111.78
 160897.594   558.192   -12.11  112.16
 161273.955   587.030    76.63  124.31
 161650.326   582.199   -12.84  119.42
 162026.708   583.305     2.94  110.21
 162403.099   568.905   -38.26   90.60
 162779.500   549.324   -52.03   94.31
 163155.911   508.051  -109.66  107.35
 163532.332   450.430  -153.09   98.74
 163908.763   405.519  -119.32   86.85
 164285.204   374.455   -82.53   63.09
 164661.655   352.455   -58.45   52.21
 165038.116   338.265   -37.70   51.68
 165414.587   315.205   -61.26   48.80
 165791.068   295.905   -51.27   43.94
 166167.559   278.058   -47.41   23.43
 166544.060   284.673    17.57   37.44
 166920.571   321.809    98.64   70.81
 167297.092   369.876   127.68   88.38
 167673.622   433.102   167.93  108.03
 168050.163   459.135    69.14   99.31
 168426.714   439.105   -53.20   99.84
 168803.275   407.630   -83.59   95.28
 169179.846   365.113  -112.92   79.26
 169556.427   367.135     5.37   69.29
 169933.018   400.135    87.64   83.75
 170309.619   417.160    45.21   80.19
 170686.230   416.355    -2.14   80.43
 171062.851   389.797   -70.52   84.04
 171439.482   346.905  -113.90   65.58
 171816.123   346.755    -0.40   62.96
 172192.774   379.545    87.07   84.13
 172569.435   429.175   131.78   87.87
 172946.106   471.561   112.54   60.07
 173322.787   520.760   130.63   63.68
 173699.479   545.160    64.78   77.48
 174076.180   581.955    97.69  103.20
 174452.891   649.330   178.87  103.91
 174829.612   692.180   113.76  102.59
 175206.344   762.812   187.51   95.85
 175583.085   814.955   138.42   98.54
 175959.837   877.330   165.58  116.37
 176336.598   943.596   175.90  100.07
 176713.370   986.004   112.57   90.88
 177090.152  1019.384    88.60   79.09
 177466.943  1061.218   111.04   74.89
 177843.745  1096.155    92.73   83.44
 178220.557  1111.880    41.74   77.88
 178597.379  1130.394    49.14   58.93
 178974.211  1130.055    -0.90   59.00
 179351.053  1098.666   -83.31  107.86
 179727.905  1024.186  -197.66  177.42
 180104.767   872.555  -402.40  238.50
 180481.640   731.878  -373.32  218.40
 180858.522   569.155  -431.81  137.12
 181235.415   498.680  -187.01   81.92
 181612.041   458.692  -106.19   39.88
 181986.947   459.566     2.33   47.37
 182361.863   481.030    57.26   84.38
 182736.790   516.443    94.46  109.32
 183111.726   527.805    30.31  121.17
 183486.672   523.530   -11.40  121.80
 183861.629   495.442   -74.92  123.21
 184236.595   428.408  -178.80   85.77
 184611.571   398.571   -79.58   51.91
 184986.558   403.255    12.49   47.30
 185361.554   430.230    71.94   59.56
 185736.560   456.930    71.21   62.69
 186111.577   476.503    52.20   59.88
 186486.603   494.140    47.03   75.74
 186861.639   528.880    92.64   93.12
 187236.686   589.417   161.43   87.92
 187611.742   644.541   146.99   75.26
 187986.808   675.005    81.23   49.77
 188361.885   686.640    31.02   44.02
 188736.971   698.494    31.61   45.67
 189112.068   703.205    12.56   54.82
 189487.174   714.930    31.26   57.27
 189862.291   732.830    47.73   53.01
 190237.418   734.545     4.57   49.46
 190612.554   727.673   -18.32   40.33
 190987.701   737.289    25.63   37.59
 191362.858   746.755    25.24   44.74
 191738.025   757.505    28.66   50.87
 192113.201   762.755    14.00   62.98
 192488.388   758.263   -11.97   70.81
 192863.585   728.263   -79.97   80.99
 193238.792   710.027   -48.61   72.06
 193614.009   695.442   -38.87   75.02
 193989.236   683.541   -31.72   97.30
 194364.474   680.314    -8.60  112.80
 194739.721   638.280  -112.03  127.33
 195114.978   585.241  -141.36  147.35
 195490.246   523.350  -164.95  131.74
 195865.523   435.480  -234.17  110.88
 196240.811   374.391  -162.80   97.29
 196616.109   342.955   -83.77   75.36
 196991.416   330.541   -33.08   66.58
 197366.734   343.878    35.54   80.58
 197742.062   372.596    76.52   89.44
 198117.400   406.113    89.31   89.14
 198492.748   421.366    40.64   97.05
 198868.106   456.519    93.67  100.16
 199243.475   487.930    83.69  105.47
 199618.853   539.255   136.75  115.71
 199994.242   585.718   123.79  125.78
 200369.640   609.655    63.77   93.99
 200745.049   615.080    14.45   82.56
 201120.468   585.855   -77.86   88.30
 201495.897   571.175   -39.11   85.41
 201871.336   572.218     2.78   80.51
 202246.785   597.717    67.92   79.67
 202622.245   627.366    78.98   78.01
 202997.714   632.663    14.11   85.23
 203373.194   591.725  -109.04  106.18
 203748.683   529.580  -165.52  111.24
 204124.183   462.503  -178.66   74.92
 204499.693   447.034   -41.20   57.58
 204875.213   471.705    65.71   73.13
 205250.744   495.080    62.25   76.80
 205626.284   521.443    70.21   79.05
 206001.835   554.565    88.21   98.56
 206377.395   564.545    26.58  108.29
 206752.966   574.255    25.86  105.12
 207128.547   566.904   -19.58   88.66
 207504.138   565.199    -4.54   77.25
 207879.740   572.853    20.38   74.38
 208255.351   605.930    88.07   89.53
 208630.973   653.776   127.40   72.34
 209006.605   679.192    67.67   56.40
 209382.247   700.030    55.48   41.26
 209757.899   708.355    22.16   44.34
 210133.561   732.080    63.16   53.07
 210509.234   740.468    22.33   69.11
 210884.917   735.876   -12.22   93.43
 211260.610   707.762   -74.84  106.21
