-138362.369   907.350     0.00   13.94
-137986.446   909.116     4.70   14.76
-137610.531   903.376   -15.27   17.15
-137234.624   895.424   -21.16   14.89
-136858.724   889.185   -16.60   13.15
-136482.832   883.026   -16.38   10.78
-136106.949   877.376   -15.03   12.29
-135731.073   862.256   -40.23   29.33
-135355.204   852.209   -26.73   33.90
-134979.344   844.988   -19.21   36.46
-134603.492   849.237    11.31   39.52
-134227.647   856.808    20.15   37.43
-133851.810   822.726   -90.69   86.56
-133475.981   768.372  -144.63  134.57
-133100.160   685.860  -219.57  162.36
-132724.346   653.316   -86.60  173.07
-132348.541   580.661  -193.34  183.16
-131972.743   495.304  -227.15  147.58
-131596.953   440.126  -146.84  112.66
-131221.171   379.990  -160.04   64.79
-130845.396   352.763   -72.46   36.18
-130469.630   335.601   -45.67   21.55
-130093.871   327.289   -22.12   21.71
-129718.120   318.826   -22.52   20.10
-129342.377   308.347   -27.89   12.25
-128966.642   301.860   -17.27    7.85
-128590.914   296.629   -13.92    6.54
-128215.194   294.065    -6.82    6.23
-127839.482   290.063   -10.65    7.55
-127463.778   286.067   -10.64    6.71
-127088.082   283.526    -6.76    6.31
-126712.393   280.834    -7.17    6.40
-126336.712   277.731    -8.26    5.88
-125961.039   275.076    -7.07    4.85
-125585.374   271.842    -8.61    4.30
-125209.716   269.885    -5.21    4.26
-124834.066   267.424    -6.55    5.85
-124458.424   264.868    -6.80    4.94
-124082.790   263.209    -4.42    5.95
-123707.164   261.851    -3.62    6.83
-123331.545   257.258   -12.23    9.95
-122955.934   251.578   -15.12   11.38
-122580.331   244.142   -19.80   11.41
-122204.735   234.372   -26.01   11.38
-121829.148   227.244   -18.98   10.76
-121453.568   220.648   -17.56    8.41
-121077.996   214.816   -15.53    4.93
-120702.431   210.601   -11.22    5.43
-120326.874   207.579    -8.05    5.18
-119951.326   204.551    -8.06    4.10
-119575.784   201.475    -8.19    3.36
-119200.251   198.711    -7.36    4.46
-118824.725   195.911    -7.46    5.41
-118449.207   192.251    -9.75    7.34
-118073.697   190.321    -5.14    8.48
-117698.194   186.449   -10.31    9.84
-117322.699   181.974   -11.92    9.00
-116947.212   177.526   -11.84    7.83
-116571.733   171.860   -15.09    8.20
-116196.261   167.151   -12.54    8.27
-115820.797   161.673   -14.59    8.99
-115445.341   158.895    -7.40    7.86
-115069.892   152.951   -15.83    8.10
-114694.452   149.447    -9.33    8.12
-114319.019   147.501    -5.18    8.18
-113943.593   146.219    -3.42    8.54
-113568.175   148.219     5.33    9.73
-113192.765   148.474     0.68    9.85
-112817.363   146.424    -5.46   11.42
-112441.969   141.453   -13.24   12.54
-112066.582   134.959   -17.30   10.41
-111691.202   130.629   -11.54    8.63
-111315.831   128.158    -6.58    6.53
-110940.467   126.270    -5.03    6.49
-110565.111   125.167    -2.94    6.31
-110189.763   123.013    -5.74    7.01
-109814.422   121.578    -3.82    7.45
-109439.089   118.962    -6.97    8.66
-109063.763   113.842   -13.64    8.72
-108688.445   110.429    -9.10    8.20
-108313.135   107.658    -7.38    5.58
-107937.833   106.697    -2.56    4.94
-107562.538   106.937     0.64    5.25
-107187.251   107.076     0.37    5.50
-106811.972   106.500    -1.54    5.61
-106436.700   106.321    -0.48    5.41
-106061.436   105.801    -1.39    4.61
-105686.180   105.895     0.25    4.51
-105310.931   105.851    -0.12    4.34
-104935.690   105.905     0.14    4.24
-104560.456   105.526    -1.01    4.91
-104185.156   105.731     0.55    4.53
-103808.409   106.634     2.40    4.94
-103431.670   110.398     9.99    7.74
-103054.938   113.142     7.28    8.23
-102678.214   113.090    -0.14    8.14
-102301.498   112.731    -0.95    8.38
-101924.789   110.684    -5.43    7.21
-101548.089   109.579    -2.93    7.84
-101171.395   111.915     6.20   10.75
-100794.710   116.801    12.97   13.48
-100418.032   120.453     9.70   13.28
-100041.362   125.579    13.61   12.35
 -99664.700   130.451    12.94   12.56
 -99288.045   133.842     9.00   12.98
 -98911.398   131.076    -7.34   13.56
 -98534.759   124.680   -16.98   13.27
 -98158.128   118.868   -15.43    9.04
 -97781.504   116.726    -5.69   10.26
 -97404.887   119.398     7.09   12.60
 -97028.279   122.551     8.37   16.57
 -96651.678   128.553    15.94   18.40
 -96275.085   132.258     9.84   15.78
 -95898.499   135.026     7.35   17.46
 -95521.921   139.500    11.88   16.42
 -95145.351   142.603     8.24   15.75
 -94768.788   144.711     5.60   15.71
 -94392.233   151.219    17.28   16.96
 -94015.686   160.116    23.63   19.82
 -93639.147   171.000    28.91   19.15
 -93262.615   183.842    34.11   18.40
 -92886.090   193.165    24.76   16.21
 -92509.574   199.276    16.23   15.24
 -92133.065   199.307     0.08   11.62
 -91756.563   197.632    -4.45   10.61
 -91380.069   197.926     0.78   10.65
 -91003.583   197.842    -0.22   11.69
 -90627.105   201.926    10.85   12.62
 -90250.634   208.501    17.47   13.18
 -89874.171   207.090    -3.75   10.90
 -89497.715   206.321    -2.04   10.98
 -89121.267   204.398    -5.11   11.07
 -88744.827   200.868    -9.38    8.58
 -88368.394   203.526     7.06   11.73
 -87991.969   204.926     3.72   11.23
 -87615.552   209.289    11.59    9.22
 -87239.142   213.834    12.07   13.96
 -86862.739   218.026    11.14   16.34
 -86486.345   219.959     5.13   17.48
 -86109.958   218.603    -3.60   19.07
 -85733.578   211.579   -18.66   19.37
 -85357.206   204.605   -18.53   17.08
 -84980.842   194.105   -27.90   17.82
 -84604.486   181.971   -32.24   21.66
 -84228.137   167.426   -38.65   22.24
 -83851.795   159.552   -20.92   18.60
 -83475.461   157.911    -4.36   19.14
 -83099.135   161.116     8.52   22.39
 -82722.816   160.065    -2.79   21.92
 -82346.505   162.551     6.61   16.65
 -81970.202   163.834     3.41   14.57
 -81593.906   165.901     5.49   15.03
 -81217.618   170.789    12.99   14.11
 -80841.337   176.860    16.13   12.66
 -80465.064   181.209    11.56   11.49
 -80088.798   183.804     6.90    9.10
 -79712.540   185.424     4.30    6.98
 -79336.290   185.937     1.36    6.77
 -78960.047   184.501    -3.82    7.78
 -78583.811   181.301    -8.50   10.89
 -78207.584   179.441    -4.95   11.43
 -77831.363   180.368     2.47   13.55
 -77455.151   179.834    -1.42   15.00
 -77078.946   187.763    21.08   22.29
 -76702.748   190.868     8.25   27.94
 -76326.558   194.905    10.73   38.32
 -75950.376   196.990     5.54   39.11
 -75574.201   188.911   -21.48   40.37
 -75198.034   182.731   -16.43   36.33
 -74821.874   176.398   -16.84   37.70
 -74445.721   173.090    -8.79   34.90
 -74069.577   167.901   -13.80   33.57
 -73693.440   164.684    -8.55   30.64
 -73317.310   165.476     2.11   25.17
 -72941.188   164.737    -1.97   21.66
 -72565.073   164.624    -0.30   20.74
 -72188.966   160.701   -10.43   19.17
 -71812.867   152.526   -21.74   19.63
 -71436.774   148.372   -11.05   20.23
 -71060.690   146.167    -5.86   22.77
 -70684.613   145.296    -2.32   22.90
 -70308.544   138.860   -17.11   25.36
 -69932.482   124.554   -38.04   19.20
 -69556.427   114.878   -25.73   15.77
 -69180.380   108.202   -17.75   12.50
 -68804.341   103.751   -11.84   12.07
 -68428.309    98.892   -12.92   12.33
 -68052.284    96.342    -6.78   11.65
 -67676.267    94.076    -6.03   10.59
 -67300.258    96.500     6.45   14.22
 -66924.256   102.051    14.76   16.58
 -66548.262   107.424    14.29   17.65
 -66172.275   107.783     0.95   18.12
 -65796.295   102.321   -14.53   18.13
 -65420.323    96.158   -16.39   17.03
 -65044.359    92.451    -9.86   16.40
 -64668.402    87.418   -13.39   15.06
 -64292.452    85.551    -4.97   15.29
 -63916.510    86.632     2.88   17.14
 -63540.576    87.895     3.36   17.51
 -63164.649    92.834    13.14   20.16
 -62788.729    95.289     6.53   19.48
 -62412.817    94.372    -2.44   16.34
 -62036.912    96.053     4.47   17.50
 -61661.015   102.895    18.20   25.89
 -61285.125    99.132   -10.01   23.75
 -60909.243    96.304    -7.52   21.46
 -60533.368    92.851    -9.19   20.18
 -60157.501    83.551   -24.74   11.48
 -59781.641    78.105   -14.49    7.81
 -59405.788    72.226   -15.64    7.19
 -59029.943    69.629    -6.91    6.62
 -58654.106    65.976    -9.72    6.95
 -58278.276    62.783    -8.50    6.98
 -57902.453    60.296    -6.62    6.99
 -57526.638    56.211   -10.87    4.49
 -57150.830    54.219    -5.30    4.27
 -56775.030    52.721    -3.98    4.23
 -56399.237    51.110    -4.29    3.92
 -56023.451    49.808    -3.46    4.57
 -55647.673    48.658    -3.06    4.53
 -55271.903    48.270    -1.03    4.17
 -54896.139    49.270     2.66    3.93
 -54520.384    52.387     8.30    5.13
 -54144.635    53.988     4.26    4.94
 -53768.894    54.834     2.25    4.69
 -53393.161    55.658     2.19    4.80
 -53017.435    55.451    -0.55    5.77
 -52641.716    55.148    -0.81    5.49
 -52266.005    56.160     2.70    5.64
 -51890.301    57.578     3.77    5.74
 -51514.604    59.988     6.42    5.39
 -51138.915    61.449     3.89    5.75
 -50763.234    62.116     1.77    5.29
 -50387.560    60.976    -3.03    5.21
 -50011.893    59.421    -4.14    4.04
 -49636.233    57.926    -3.98    2.36
 -49260.581    57.211    -1.91    2.55
 -48884.936    57.331     0.32    2.74
 -48509.299    57.776     1.19    3.14
 -48133.669    60.067     6.10    3.89
 -47758.047    62.634     6.84    3.57
 -47382.432    63.824     3.17    2.58
 -47006.824    63.501    -0.86    2.63
 -46631.224    62.424    -2.87    3.03
 -46255.631    61.475    -2.53    2.74
 -45880.045    61.684     0.56    3.38
 -45504.467    62.665     2.61    4.34
 -45128.896    65.372     7.21    5.74
 -44753.332    65.624     0.67    6.27
 -44377.776    65.368    -0.68    6.36
 -44002.227    65.001    -0.98    6.09
 -43626.686    64.579    -1.12    4.85
 -43251.152    64.126    -1.21    4.16
 -42875.625    63.603    -1.39    4.20
 -42500.106    62.526    -2.87    3.41
 -42124.594    60.263    -6.03    3.70
 -41749.089    58.783    -3.94    3.95
 -41373.592    57.551    -3.28    3.95
 -40998.102    57.249    -0.81    3.69
 -40622.619    56.578    -1.79    4.25
 -40247.144    56.605     0.07    5.32
 -39871.676    56.579    -0.07    6.26
 -39496.216    54.629    -5.19    6.82
 -39120.762    54.526    -0.27    5.64
 -38745.316    57.651     8.32    9.12
 -38369.878    72.372    39.21   29.38
 -37994.447    93.026    55.01   37.14
 -37619.023   115.783    60.62   36.46
 -37243.606   119.026     8.64   33.78
 -36868.197   101.502   -46.68   36.14
 -36492.795    80.424   -56.15   24.99
 -36117.400    68.901   -30.69    8.09
 -35742.013    62.578   -16.85    4.65
 -35366.633    59.501    -8.20    4.35
 -34991.260    57.351    -5.73    4.56
 -34615.895    55.316    -5.42    2.96
 -34240.537    54.376    -2.50    3.19
 -33865.186    54.219    -0.42    3.54
 -33489.842    54.351     0.35    3.51
 -33114.506    55.226     2.33    3.83
 -32739.177    58.221     7.98    5.47
 -32363.856    59.878     4.41    5.28
 -31988.541    60.743     2.30    4.25
 -31613.234    61.926     3.15    3.88
 -31237.935    61.624    -0.81    2.86
 -30862.642    62.053     1.14    2.81
 -30487.357    61.876    -0.47    3.53
 -30112.079    61.158    -1.91    3.60
 -29736.809    60.226    -2.48    3.46
 -29361.545    59.101    -3.00    3.02
 -28985.819    58.947    -0.41    2.51
 -28609.103    58.219    -1.93    1.94
 -28232.394    57.680    -1.43    2.30
 -27855.693    56.965    -1.90    2.83
 -27478.999    56.158    -2.14    2.64
 -27102.312    55.151    -2.67    2.77
 -26725.633    54.500    -1.73    2.69
 -26348.961    52.868    -4.33    2.95
 -25972.297    51.321    -4.11    2.68
 -25595.639    50.579    -1.97    2.51
 -25218.989    49.860    -1.91    2.54
 -24842.347    49.605    -0.68    3.03
 -24465.711    49.184    -1.12    3.18
 -24089.083    47.959    -3.25    3.16
 -23712.463    46.582    -3.66    2.69
 -23335.849    45.726    -2.27    2.75
 -22959.243    44.380    -3.57    2.54
 -22582.644    43.632    -1.99    2.26
 -22206.053    43.526    -0.28    2.24
 -21829.468    43.789     0.70    2.65
 -21452.891    42.401    -3.69    3.72
 -21076.322    40.251    -5.71    4.40
 -20699.759    37.842    -6.40    4.27
 -20323.204    35.398    -6.49    3.26
 -19946.657    33.603    -4.77    2.44
 -19570.116    33.307    -0.79    2.65
 -19193.583    33.580     0.73    3.27
 -18817.057    36.276     7.16    4.76
 -18440.538    39.684     9.05    4.58
 -18064.027    42.789     8.25    4.45
 -17687.523    45.988     8.50    5.14
 -17311.026    49.743     9.97    6.61
 -16934.536    51.090     3.58    7.24
 -16558.054    48.289    -7.44   11.33
 -16181.579    42.553   -15.24   13.26
 -15805.111    35.580   -18.52    9.59
 -15428.651    30.832   -12.61    7.43
 -15052.197    27.051   -10.04   10.15
 -14675.751    21.076   -15.87   11.78
 -14299.313    16.316   -12.65   11.35
 -13922.881    12.851    -9.20    9.60
 -13546.457    10.193    -7.06    7.65
 -13170.040     9.976    -0.58    7.13
 -12793.630    12.116     5.68    6.87
 -12417.227    12.808     1.84    6.62
 -12040.832    10.605    -5.85    7.30
 -11664.444     7.706    -7.70    7.19
 -11288.063     6.307    -3.72    6.12
 -10911.690     4.148    -5.74    3.90
 -10535.323     5.219     2.84    4.82
 -10158.964     5.816     1.59    5.27
  -9782.612     6.783     2.57    5.66
  -9406.268     7.326     1.44    5.43
  -9029.930     6.221    -2.94    4.93
  -8653.600     5.706    -1.37    4.90
  -8277.277     6.000     0.78    5.07
  -7900.961     5.500    -1.33    4.86
  -7524.653     6.090     1.57    4.68
  -7148.351     6.610     1.38    4.64
  -6772.057     6.601    -0.02    5.34
  -6395.770     8.219     4.30    6.71
  -6019.490     9.158     2.50    6.44
  -5643.218    12.501     8.88    8.41
  -5266.953    16.039     9.40    9.53
  -4890.694    17.476     3.82    8.87
  -4514.443    17.911     1.16    8.86
  -4138.200    19.676     4.69    8.80
  -3761.963    20.553     2.33    9.06
  -3385.734    22.142     4.22    8.98
  -3009.512    21.626    -1.37    8.57
  -2633.297    18.387    -8.61    7.23
  -2257.089    16.475    -5.08    6.36
  -1880.888    14.421    -5.46    6.86
  -1504.695    12.474    -5.18    7.76
  -1128.508     9.013    -9.20    8.45
   -752.329     5.743    -8.70    8.24
   -376.157     2.237    -9.32    5.36
      0.007     0.629    -4.27    3.26
    376.165     3.079     6.51    7.86
    752.315     5.026     5.18    9.04
   1128.459     7.013     5.28    9.46
   1504.595     7.356     0.91    8.29
   1880.724     7.116    -0.64    7.44
   2256.845     5.808    -3.48    6.70
   2632.960     3.347    -6.54    5.25
   3009.067     2.988    -0.95    6.54
   3385.168     5.726     7.28   11.70
   3761.261    11.237    14.65   15.06
   4137.347    20.851    25.56   17.95
   4513.426    35.711    39.51   16.21
   4889.497    55.258    51.98   33.28
   5265.562    81.251    69.12   49.98
   5641.619   112.387    82.80   51.32
   6017.670   128.013    41.55   43.61
   6393.713   123.474   -12.07   44.44
   6769.749   116.398   -18.82   39.94
   7145.778   115.039    -3.61   37.76
   7521.800   103.151   -31.61   40.78
   7897.814    86.321   -44.76   37.14
   8273.822    67.553   -49.92   24.70
   8649.822    53.321   -37.85   10.75
   9025.816    49.258   -10.81    7.75
   9401.802    45.337   -10.43    6.01
   9777.781    41.551   -10.07    5.15
  10153.753    39.842    -4.55    4.78
  10529.718    38.552    -3.43    4.74
  10905.675    39.860     3.48    5.57
  11281.626    40.926     2.84    5.88
  11657.569    41.398     1.25    6.16
  12033.506    40.372    -2.73    5.90
  12409.435    38.151    -5.91    6.50
  12785.357    35.553    -6.91    5.92
  13161.272    33.876    -4.46    4.46
  13537.180    33.601    -0.73    4.19
  13913.081    35.256     4.40    4.36
  14288.975    35.797     1.44    4.81
  14664.862    36.249     1.20    5.62
  15040.742    36.551     0.81    5.39
  15416.614    35.851    -1.86    5.34
  15792.480    35.372    -1.27    5.25
  16168.338    34.680    -1.84    5.85
  16544.189    33.661    -2.71    5.99
  16920.034    32.680    -2.61    5.07
  17295.871    31.226    -3.87    4.39
  17671.701    30.263    -2.56    3.92
  18047.524    28.776    -3.96    3.01
  18423.340    28.013    -2.03    3.60
  18799.149    27.282    -1.95    3.21
  19174.951    25.797    -3.95    3.66
  19550.746    24.296    -3.99    4.05
  19926.534    22.552    -4.64    4.39
  20302.314    20.167    -6.35    4.28
  20678.088    18.051    -5.63    4.04
  21053.854    15.612    -6.49    3.25
  21429.614    13.603    -5.35    3.33
  21805.366    11.763    -4.90    3.48
  22181.112    10.974    -2.10    3.31
  22556.850    11.053     0.21    3.22
  22932.582    11.471     1.11    3.41
  23308.306    12.076     1.61    3.45
  23684.023    12.193     0.31    3.55
  24059.734    12.372     0.48    3.97
  24435.437    13.219     2.25    4.67
  24811.133    14.079     2.29    5.63
  25186.822    17.301     8.58    9.72
  25562.504    21.937    12.34   12.97
  25938.179    29.601    20.40   14.82
  26313.847    38.842    24.60   13.43
  26689.509    42.451     9.61   13.59
  27065.163    41.076    -3.66   15.44
  27440.810    40.082    -2.65   15.78
  27816.450    36.132   -10.52   13.59
  28192.083    30.500   -14.99   12.70
  28567.709    28.860    -4.37   11.17
  28943.328    25.962    -7.71    8.89
  29318.940    23.256    -7.20    8.97
  29694.545    19.132   -10.98    9.30
  30070.143    16.905    -5.93    8.89
  30445.734    16.808    -0.26   11.50
  30821.318    15.453    -3.61   11.77
  31196.895    11.256   -11.17    9.79
  31572.465     7.826    -9.13    7.34
  31948.028     4.237    -9.56    6.12
  32323.584     3.116    -2.98    5.68
  32699.133     2.475    -1.71    5.57
  33074.675     1.860    -1.64    5.84
  33450.210     1.398    -1.23    6.07
  33825.738     1.398     0.00    5.97
  34201.259     1.876     1.27    6.18
  34576.773     1.959     0.22    6.06
  34952.281     2.843     2.36    5.88
  35327.781     3.211     0.98    5.35
  35703.274     3.658     1.19    5.80
  36078.760     5.202     4.11    7.10
  36454.240     6.526     3.53    8.91
  36829.712     7.976     3.86   11.01
  37205.177    10.398     6.45   12.75
  37580.636    13.737     8.89   15.20
  37956.087    17.244     9.34   17.36
  38331.532    19.776     6.74   18.93
  38706.969    19.726    -0.13   18.45
  39082.400    19.321    -1.08   18.78
  39457.824    18.860    -1.23   17.85
  39833.240    18.451    -1.09   17.61
  40208.650    19.398     2.52   16.70
  40584.053    20.757     3.62   14.62
  40959.449    21.947     3.17   13.26
  41334.838    24.578     7.01   10.94
  41710.220    27.395     7.50   11.37
  42085.595    27.501     0.28   12.44
  42460.963    27.626     0.33   14.30
  42836.325    27.137    -1.30   14.82
  43211.679    28.447     3.49   13.28
  43587.026    28.580     0.35   12.19
  43962.367    28.079    -1.34   11.32
  44337.700    29.726     4.39   11.15
  44713.027    33.332     9.61    8.11
  45088.347    33.941     1.62    7.05
  45463.659    34.552     1.63    6.35
  45838.965    29.632   -13.11   11.61
  46215.096    19.601   -26.67   16.50
  46591.771    10.834   -23.28   15.60
  46968.438     6.449   -11.64   12.16
  47345.099     5.263    -3.15    9.84
  47721.753     9.951    12.45    8.39
  48098.400    14.237    11.38    5.19
  48475.040    14.965     1.93    5.37
  48851.673    16.552     4.21    5.36
  49228.299    20.471    10.40    6.32
  49604.919    25.895    14.40   10.11
  49981.531    33.578    20.40   13.94
  50358.136    39.578    15.93   13.75
  50734.735    40.834     3.34   12.30
  51111.326    38.249    -6.87   11.70
  51487.911    33.743   -11.97    9.82
  51864.488    28.878   -12.92    8.00
  52241.059    25.629    -8.63    6.55
  52617.622    23.941    -4.48    6.38
  52994.179    20.986    -7.85    4.28
  53370.729    19.501    -3.94    4.45
  53747.272    18.706    -2.11    4.96
  54123.808    19.578     2.32    5.22
  54500.337    18.244    -3.54    4.67
  54876.859    18.552     0.82    4.01
  55253.375    20.851     6.11    8.18
  55629.883    26.553    15.14   14.32
  56006.384    35.876    24.76   16.82
  56382.879    40.000    10.95   15.16
  56759.367    38.356    -4.37   14.86
  57135.847    31.701   -17.67   11.88
  57512.321    25.999   -15.15    4.89
  57888.788    24.842    -3.07    3.92
  58265.248    23.684    -3.08    4.23
  58641.701    23.321    -0.96    4.27
  59018.148    25.065     4.63    5.26
  59394.587    27.347     6.06    7.47
  59771.020    33.116    15.33    6.53
  60147.445    36.472     8.92    5.56
  60523.864    41.706    13.90    8.58
  60900.276    52.039    27.45   18.68
  61276.681    65.580    35.98   24.58
  61653.079    79.576    37.18   22.45
  62029.470    86.579    18.60   16.40
  62405.854    82.296   -11.38   16.67
  62782.232    73.237   -24.07   13.59
  63158.602    67.449   -15.38    7.99
  63534.966    66.476    -2.59    7.48
  63911.323    65.079    -3.71    8.17
  64287.673    65.376     0.79    7.30
  64664.016    67.079     4.52    7.04
  65040.353    67.917     2.23    6.13
  65416.682    68.101     0.49    6.13
  65793.005    66.391    -4.54    9.12
  66169.320    60.715   -15.08   10.53
  66545.629    55.553   -13.72    8.25
  66921.931    56.988     3.81   10.04
  67298.226    60.090     8.24    8.90
  67674.515    63.501     9.06    7.59
  68050.796    67.116     9.61    6.17
  68427.071    68.094     2.60    4.72
  68803.339    67.834    -0.69    5.25
  69179.600    65.819    -5.36    7.25
  69555.854    62.148    -9.76    7.70
  69932.101    59.351    -7.43    6.98
  70308.342    57.237    -5.62    7.29
  70684.576    56.826    -1.09    7.69
  71060.802    56.065    -2.02    7.96
  71437.022    54.726    -3.56    8.52
  71813.236    53.421    -3.47    7.36
  72189.442    52.500    -2.45    6.48
  72565.642    52.578     0.21    5.82
  72941.834    52.316    -0.70    6.75
  73318.020    50.039    -6.05    8.14
  73694.200    46.526    -9.34    9.10
  74070.372    43.175    -8.91    7.67
  74446.537    40.878    -6.11    3.11
  74822.696    42.165     3.42    4.24
  75198.848    45.276     8.27    6.07
  75574.993    48.501     8.57    5.82
  75951.132    49.632     3.00    5.29
  76327.263    49.701     0.19    3.80
  76703.388    49.789     0.23    3.42
  77079.506    50.626     2.22    3.94
  77455.617    54.201     9.50    6.50
  77831.721    59.553    14.23   10.72
  78207.819    68.808    24.61   16.19
  78583.910    80.193    30.27   20.84
  78959.994    94.770    38.76   24.86
  79336.071   109.688    39.67   20.69
  79712.142   115.951    16.65   19.75
  80088.205   113.605    -6.24   25.06
  80464.262   112.398    -3.21   27.70
  80840.313   109.757    -7.02   28.08
  81216.356   113.221     9.21   24.36
  81592.393   118.937    15.20   18.74
  81968.422   111.605   -19.50   23.16
  82344.446    95.289   -43.39   27.25
  82720.462    78.658   -44.23   21.91
  83096.472    67.693   -29.16    9.70
  83472.474    65.326    -6.29    4.69
  83848.471    68.090     7.35    9.37
  84224.460    69.026     2.49   10.79
  84600.442    69.701     1.80   14.09
  84976.418    68.090    -4.28   14.42
  85352.387    65.701    -6.35    8.48
  85728.350    69.603    10.38    9.55
  86104.305    75.603    15.96   13.40
  86480.254    79.553    10.50   14.47
  86856.197    76.731    -7.50   16.98
  87232.132    71.301   -14.44   18.25
  87608.061    62.804   -22.60   12.45
  87983.983    56.474   -16.84   11.89
  88359.898    50.368   -16.24   10.68
  88735.806    47.026    -8.89    8.54
  89111.708    43.167   -10.27    5.50
  89487.603    40.841    -6.19    3.58
  89863.492    38.751    -5.56    4.25
  90239.373    36.039    -7.22    5.32
  90615.248    34.132    -5.07    4.99
  90991.116    30.988    -8.36    4.80
  91366.978    28.607    -6.33    3.68
  91742.833    27.160    -3.85    2.85
  92118.681    27.193     0.09    2.79
  92494.522    27.731     1.43    2.85
  92870.357    27.789     0.15    2.92
  93246.185    27.701    -0.23    3.11
  93622.006    26.834    -2.31    3.11
  93997.821    26.526    -0.82    3.14
  94373.628    26.296    -0.61    2.92
  94749.430    26.834     1.43    2.68
  95125.224    26.726    -0.29    2.53
  95501.012    26.801     0.20    2.65
  95876.793    25.693    -2.95    2.96
  96252.568    24.797    -2.39    3.73
  96628.335    24.256    -1.44    3.43
  97004.096    24.501     0.65    3.42
  97379.851    25.776     3.39    3.83
  97755.599    28.040     6.02    4.18
  98131.340    30.926     7.68    3.77
  98507.074    31.526     1.60    3.40
  98882.802    31.632     0.28    2.83
  99258.523    30.351    -3.41    3.63
  99634.237    29.219    -3.01    3.35
 100009.945    28.937    -0.75    3.60
 100385.646    28.816    -0.32    3.41
 100761.340    28.526    -0.77    3.21
 101137.028    28.418    -0.29    3.96
 101512.709    27.234    -3.15    3.66
 101888.384    28.552     3.51    5.84
 102264.051    33.040    11.95    9.55
 102639.713    36.142     8.26    8.84
 103015.367    36.603     1.23    7.84
 103391.015    35.552    -2.80    7.24
 103766.656    31.219   -11.54    5.63
 104142.291    28.132    -8.22    4.80
 104517.919    25.447    -7.15    3.59
 104893.540    24.499    -2.53    3.81
 105269.155    24.601     0.27    4.54
 105644.763    23.819    -2.08    4.76
 106020.364    23.868     0.13    4.88
 106395.959    23.576    -0.78    5.19
 106771.547    23.834     0.69    6.42
 107147.128    26.276     6.50    7.13
 107522.703    29.342     8.16    6.72
 107898.272    30.065     1.92    6.08
 108273.833    31.026     2.56    6.37
 108649.388    30.449    -1.54    6.12
 109024.937    27.701    -7.32    6.29
 109400.479    25.471    -5.94    4.86
 109776.014    27.475     5.34    7.22
 110151.543    33.553    16.18   10.01
 110527.065    38.797    13.96    9.34
 110902.580    41.731     7.82    7.63
 111278.089    42.637     2.41    8.00
 111653.591    45.301     7.09    7.95
 112029.087    49.013     9.89    8.39
 112404.576    51.816     7.46    5.85
 112780.058    52.013     0.53    6.52
 113155.534    50.895    -2.98    7.93
 113531.003    48.270    -6.99    7.76
 113906.466    45.911    -6.28    7.63
 114281.922    43.651    -6.02    6.57
 114657.371    41.053    -6.92    6.34
 115032.814    37.321    -9.94    5.97
 115408.251    33.051   -11.37    5.10
 115783.680    29.804    -8.65    4.66
 116159.104    27.629    -5.79    4.57
 116534.520    28.132     1.34    5.02
 116909.930    29.401     3.38    5.50
 117285.334    29.783     1.02    5.22
 117660.731    30.776     2.65    4.96
 118036.121    31.337     1.49    6.02
 118411.505    34.607     8.71    6.90
 118786.882    38.296     9.82    6.29
 119162.253    41.112     7.50    4.83
 119537.617    42.445     3.55    4.05
 119912.974    43.401     2.55    5.26
 120288.325    44.211     2.16    6.79
 120663.670    45.065     2.28    6.36
 121039.008    47.552     6.63    6.61
 121415.503    48.065     1.36    5.13
 121792.145    47.013    -2.79    4.70
 122168.780    46.974    -0.11    4.48
 122545.409    47.301     0.87    4.94
 122922.031    49.040     4.62    6.11
 123298.646    52.697     9.71    5.44
 123675.255    56.270     9.49    4.41
 124051.857    58.418     5.70    4.48
 124428.453    59.607     3.16    4.55
 124805.042    60.283     1.79    4.73
 125181.625    59.270    -2.69    5.57
 125558.201    57.911    -3.61    5.02
 125934.770    56.947    -2.56    4.02
 126311.333    58.316     3.63    3.34
 126687.890    59.471     3.07    3.70
 127064.439    59.783     0.83    3.32
 127440.983    58.990    -2.11    4.86
 127817.519    58.851    -0.37    5.30
 128194.049    58.976     0.33    5.49
 128570.573    60.263     3.42    6.01
 128947.090    62.911     7.03    5.92
 129323.600    65.988     8.17    3.79
 129700.104    66.376     1.03    2.68
 130076.602    65.655    -1.92    3.13
 130453.092    62.475    -8.44    5.59
 130829.577    59.401    -8.16    6.68
 131206.054    57.000    -6.38    7.00
 131582.525    55.351    -4.38    6.88
 131958.990    54.926    -1.13    6.88
 132335.448    53.337    -4.22    7.10
 132711.900    51.797    -4.09    5.97
 133088.345    51.445    -0.93    5.51
 133464.783    50.626    -2.18    5.29
 133841.215    52.351     4.58    4.78
 134217.641    54.184     4.87    3.81
 134594.060    54.176    -0.02    4.12
 134970.472    52.368    -4.80    5.42
 135346.878    49.926    -6.49    5.62
 135723.278    47.219    -7.19    5.50
 136099.670    45.526    -4.50    4.26
 136476.057    42.526    -7.97    4.57
 136852.437    41.079    -3.85    4.39
 137228.810    39.101    -5.25    5.46
 137605.177    35.256   -10.22    5.72
 137981.537    32.307    -7.84    5.36
 138357.891    28.501   -10.11    6.07
 138734.238    26.158    -6.22    5.28
 139110.579    26.783     1.66    5.66
 139486.914    29.500     7.22    7.56
 139863.242    32.962     9.20    7.60
 140239.563    34.501     4.09    7.19
 140615.878    33.184    -3.50    6.69
 140992.186    33.905     1.91    5.75
 141368.488    35.471     4.16    5.76
 141744.784    38.401     7.79    5.63
 142121.073    41.673     8.69    5.03
 142497.355    44.395     7.23    5.79
 142873.631    48.376    10.58    5.81
 143249.901    52.632    11.31    5.94
 143626.164    57.651    13.34    5.74
 144002.420    62.860    13.84    6.69
 144378.671    67.142    11.38    6.08
 144754.914    70.905    10.00    4.15
 145131.151    72.449     4.11    3.01
 145507.382    71.651    -2.12    3.99
 145883.606    68.743    -7.73    5.59
 146259.824    65.746    -7.96    6.70
 146636.036    61.579   -11.08    7.19
 147012.241    57.579   -10.63    7.22
 147388.439    55.824    -4.67    6.45
 147764.631    55.126    -1.85    6.42
 148140.817    55.398     0.72    6.60
 148516.996    55.176    -0.59    5.65
 148893.169    54.184    -2.64    5.29
 149269.335    53.808    -1.00    6.28
 149645.495    53.443    -0.97    6.68
 150021.648    53.401    -0.11    7.48
 150397.795    53.626     0.60    7.59
 150773.935    53.310    -0.84    7.36
 151150.070    51.976    -3.55    7.19
 151526.197    49.321    -7.06    7.81
 151902.318    45.901    -9.09    8.25
 152278.433    42.310    -9.55    7.31
 152654.542    40.731    -4.20    5.69
 153030.644    37.737    -7.96    6.94
 153406.739    30.263   -19.87   15.34
 153782.828    19.401   -28.88   21.10
 154158.911     3.726   -41.68   18.76
 154534.987    -8.525   -32.57   14.42
 154911.057   -16.605   -21.48   10.95
 155287.121   -21.122   -12.01    8.69
 155663.178   -25.690   -12.15    5.42
 156039.229   -27.029    -3.56    4.42
 156415.273   -27.024     0.01    4.99
 156791.311   -27.899    -2.33    4.72
 157167.342   -28.737    -2.23    3.24
 157543.367   -28.679     0.15    5.20
 157919.386   -29.243    -1.50    4.97
 158295.398   -30.099    -2.28    3.37
 158671.404   -29.935     0.43    3.97
 159047.404   -29.320     1.64    5.20
 159423.397   -27.605     4.56    7.18
 159799.384   -27.961    -0.95    5.94
 160175.364   -28.961    -2.66    5.81
 160551.338   -29.363    -1.07    5.28
 160927.306   -29.858    -1.32    3.17
 161303.267   -29.263     1.58    4.14
 161679.222   -25.632     9.66    8.16
 162055.170   -20.679    13.17    9.21
 162431.112   -18.180     6.65    7.69
 162807.048   -20.499    -6.17    8.02
 163182.978   -23.833    -8.87    8.51
 163558.901   -26.289    -6.53    6.94
 163934.817   -27.525    -3.29    5.30
 164310.728   -26.068     3.87    6.71
 164686.632   -23.840     5.93    8.75
 165062.529   -24.961    -2.98    9.05
 165438.421   -27.320    -6.28    9.04
 165814.306   -30.192    -7.64    6.49
 166190.184   -31.474    -3.41    3.26
 166566.056   -31.038     1.16    2.17
 166941.922   -30.663     1.00    2.20
 167317.782   -30.448     0.57    2.56
 167693.635   -30.632    -0.49    3.89
 168069.482   -32.935    -6.13    5.00
 168445.322   -35.324    -6.35    5.49
 168821.157   -37.585    -6.02    4.94
 169196.984   -35.041     6.77    7.34
 169572.806   -32.095     7.84    7.15
 169948.621   -29.842     6.00    5.84
 170324.430   -29.224     1.65    3.84
 170700.233   -30.933    -4.55    1.30
 171076.029   -30.574     0.96    1.75
 171451.819   -30.192     1.02    2.03
 171827.602   -30.079     0.30    1.99
 172203.380   -30.653    -1.53    2.25
 172579.151   -32.063    -3.75    2.80
 172954.915   -33.679    -4.30    2.89
 173330.674   -35.132    -3.87    1.55
 173706.426   -35.399    -0.71    1.27
 174082.172   -35.339     0.16    1.16
 174457.911   -35.474    -0.36    0.89
 174833.644   -35.397     0.20    0.93
 175209.371   -35.555    -0.42    1.16
 175585.092   -35.421     0.36    1.27
 175960.806   -35.184     0.63    1.27
 176336.514   -34.961     0.59    1.21
 176712.215   -34.525     1.16    1.26
 177087.911   -34.079     1.19    1.22
 177463.600   -33.263     2.17    1.38
 177839.283   -32.744     1.38    1.50
 178214.959   -32.294     1.20    1.55
 178590.629   -32.376    -0.22    1.55
 178966.293   -32.798    -1.12    1.62
 179341.951   -33.324    -1.40    1.41
 179717.603   -33.395    -0.19    1.36
 180093.248   -33.299     0.26    1.45
 180468.887   -33.115     0.49    1.39
 180844.519   -33.449    -0.89    1.39
 181220.145   -34.105    -1.75    1.75
 181595.766   -34.947    -2.24    1.50
 181971.379   -35.269    -0.86    1.30
 182346.987   -35.501    -0.62    1.42
 182722.588   -35.294     0.55    1.62
 183098.183   -35.026     0.71    1.67
 183473.772   -34.933     0.25    1.61
 183849.355   -34.582     0.94    1.51
 184224.931   -34.057     1.40    1.36
 184600.501   -33.274     2.09    2.09
 184976.065   -32.824     1.20    2.36
 185351.622   -31.895     2.47    2.63
 185727.174   -31.397     1.33    2.24
 186102.719   -31.289     0.29    1.94
 186478.257   -31.574    -0.76    1.88
 186853.790   -31.858    -0.76    1.55
 187229.316   -32.063    -0.55    1.55
 187604.836   -32.500    -1.16    1.48
 187980.350   -32.679    -0.48    1.58
 188355.858   -32.742    -0.17    1.53
 188731.359   -32.807    -0.17    1.62
 189106.855   -32.551     0.68    1.92
 189482.344   -32.605    -0.15    2.28
 189857.826   -31.974     1.68    2.17
 190233.303   -31.551     1.13    1.86
 190608.773   -31.150     1.07    1.72
 190984.237   -30.320     2.21    1.86
 191359.695   -29.499     2.19    2.21
 191735.147   -28.632     2.31    2.40
 192110.593   -28.448     0.49    2.08
 192486.032   -28.609    -0.43    2.86
 192861.465   -29.401    -2.11    3.58
 193236.892   -29.628    -0.60    3.92
 193612.313   -30.525    -2.39    4.13
 193987.727   -31.737    -3.23    3.94
 194363.135   -32.449    -1.90    4.07
 194738.537   -32.781    -0.89    5.06
 195113.933   -33.529    -1.99    5.35
 195489.323   -33.807    -0.74    4.98
 195864.707   -34.203    -1.06    4.00
 196240.297   -33.599     1.61    3.98
 196616.909   -32.824     2.06    3.27
 196993.514   -32.529     0.78    3.49
 197370.114   -32.690    -0.43    3.58
 197746.707   -34.095    -3.73    2.49
 198123.294   -34.192    -0.26    2.03
 198499.875   -34.699    -1.35    1.69
 198876.449   -34.230     1.24    1.80
 199253.017   -33.699     1.41    1.58
 199629.579   -33.551     0.39    1.68
 200006.135   -33.026     1.39    1.54
 200382.685   -32.756     0.72    1.52
 200759.228   -32.243     1.36    2.07
 201135.766   -31.756     1.29    2.43
 201512.297   -31.684     0.19    2.60
 201888.822   -31.424     0.69    2.44
 202265.340   -31.289     0.36    2.20
 202641.853   -30.644     1.71    2.88
 203018.359   -30.089     1.47    3.21
 203394.859   -30.224    -0.36    3.32
 203771.353   -29.605     1.64    3.96
 204147.841   -28.658     2.52    4.48
 204524.322   -28.781    -0.33    4.83
 204900.798   -28.371     1.09    6.29
 205277.267   -29.263    -2.37    6.20
 205653.730   -28.910     0.94    7.19
 206030.187   -28.974    -0.17    6.97
 206406.637   -29.711    -1.96    5.74
 206783.082   -30.149    -1.16    4.70
 207159.520   -30.230    -0.22    4.67
 207535.952   -29.791     1.17    4.30
 207912.378   -29.294     1.32    4.20
 208288.798   -29.140     0.41    3.94
 208665.212   -27.658     3.94    4.07
 209041.619   -26.781     2.33    3.52
 209418.020   -24.824     5.20    3.42
 209794.416   -23.079     4.63    3.18
 210170.805   -20.449     6.99    3.89
 210547.188   -18.053     6.37    3.94
 210923.564   -16.624     3.80    3.85
 211299.935   -15.174     3.85    4.01
 211676.299   -14.807     0.97    4.02
 212052.658   -13.690     2.97    3.74
 212429.010   -11.474     5.89    3.78
 212805.356    -8.349     8.30    5.42
 213181.696    -4.099    11.29    6.66
 213558.029     0.607    12.50    6.58
 213934.357     7.626    18.65    9.10
 214310.678    15.475    20.85   11.08
 214686.994    23.842    22.23   10.91
 215063.303    31.726    20.95    6.95
 215439.606    36.116    11.66    4.84
 215815.903    40.834    12.54    5.14
 216192.194    44.842    10.65    4.41
 216568.479    49.176    11.52    5.38
 216944.757    52.094     7.75    4.46
 217321.030    53.063     2.58    4.92
 217697.296    50.757    -6.13    6.65
 218073.556    46.110   -12.35    7.25
 218449.811    40.132   -15.89    8.09
 218826.059    34.816   -14.13    6.89
 219202.301    32.321    -6.63    7.97
 219578.536    29.629    -7.16    9.80
 219954.766    25.342   -11.39   11.00
 220330.990    23.580    -4.68   10.64
 220707.207    24.256     1.80    7.72
 221083.419    22.885    -3.64    5.35
 221459.624    21.234    -4.39    5.25
 221835.823    17.851    -8.99    6.78
 222212.017    11.801   -16.08    7.02
 222588.204     6.579   -13.88    5.44
 222964.385     2.501   -10.84    4.68
 223340.560    -1.263   -10.00    4.05
 223716.729    -3.474    -5.88    4.30
 224092.891    -6.024    -6.78    4.67
 224469.048    -8.447    -6.44    4.36
 224845.199   -10.924    -6.58    4.42
 225221.343   -14.447    -9.37    3.96
 225597.482   -17.024    -6.85    4.12
 225973.614   -19.999    -7.91    3.98
 226349.740   -22.446    -6.51    3.59
 226725.861   -24.798    -6.25    2.69
 227101.975   -26.390    -4.23    2.14
 227478.083   -27.474    -2.88    2.24
 227854.185   -28.449    -2.59    2.48
 228230.281   -29.526    -2.87    2.47
 228606.371   -30.699    -3.12    2.39
 228982.455   -31.579    -2.34    2.59
 229358.533   -32.756    -3.13    1.93
 229734.605   -33.628    -2.32    1.16
 230110.671   -34.000    -0.99    0.89
 230486.730   -34.371    -0.99    0.88
 230862.784   -34.526    -0.41    0.98
 231238.832   -34.524     0.01    1.11
 231614.874   -34.582    -0.15    1.13
 231990.909   -34.425     0.42    1.14
 232366.939   -34.474    -0.13    1.08
 232742.962   -34.717    -0.65    1.06
 233118.980   -34.744    -0.07    0.93
 233494.991   -34.816    -0.19    0.94
 233870.997   -34.756     0.16    0.94
 234246.996   -34.551     0.55    0.93
 234622.989   -34.474     0.20    0.96
 234998.977   -34.632    -0.42    0.95
 235374.958   -34.807    -0.47    0.99
 235750.934   -35.038    -0.61    1.02
 236126.903   -35.157    -0.32    1.15
 236502.866   -35.474    -0.84    1.22
 236878.824   -35.449     0.07    1.21
 237254.775   -35.500    -0.14    1.24
 237630.720   -35.345     0.41    1.20
 238006.659   -35.320     0.07    1.31
 238382.593   -34.910     1.09    1.73
 238758.520   -34.632     0.74    1.97
 239134.441   -34.474     0.42    2.13
 239510.357   -34.397     0.20    2.07
 239886.266   -34.636    -0.64    1.85
 240262.169   -35.089    -1.21    1.29
 240638.067   -34.947     0.38    1.69
 241013.958   -34.663     0.76    2.08
 241389.843   -34.257     1.08    2.21
 241765.723   -34.085     0.46    2.07
 242141.596   -34.149    -0.17    1.97
 242517.463   -34.192    -0.11    1.57
 242893.325   -34.632    -1.17    1.65
 243269.180   -34.756    -0.33    1.64
 243645.030   -35.184    -1.14    1.45
 244020.873   -35.199    -0.04    1.32
 244396.711   -35.474    -0.73    1.12
 244772.542   -35.397     0.20    1.16
 245148.368   -35.553    -0.41    1.12
 245524.188   -35.704    -0.40    1.01
 245900.001   -35.474     0.61    0.97
 246275.809   -35.690    -0.58    0.92
 246651.611   -35.551     0.37    1.09
 247027.407   -35.553    -0.01    1.10
 247403.196   -35.525     0.07    1.07
 247778.980   -35.422     0.27    1.15
 248154.758   -34.415     2.68    2.59
 248530.530   -34.140     0.73    2.67
 248906.296   -33.756     1.02    2.80
 249282.056   -33.257     1.33    2.55
 249657.811   -33.807    -1.46    2.37
 250033.559   -33.744     0.17    2.49
 250409.301   -33.949    -0.54    2.31
 250785.037   -34.397    -1.19    2.25
 251160.768   -34.526    -0.34    2.07
 251536.492   -35.174    -1.72    1.86
 251912.211   -35.422    -0.66    1.34
 252287.924   -35.243     0.48    1.61
 252663.630   -35.420    -0.47    1.73
 253039.331   -35.525    -0.28    1.76
 253415.026   -35.947    -1.12    1.62
 253790.715   -36.192    -0.65    1.32
 254166.398   -36.399    -0.55    1.05
 254542.075   -36.902    -1.34    1.22
 254917.746   -37.368    -1.24    1.20
 255293.411   -37.582    -0.57    1.13
 255669.071   -37.632    -0.13    1.15
 256044.724   -37.849    -0.58    1.10
 256420.372   -37.779     0.18    1.09
 256796.014   -37.718     0.16    1.07
 257171.649   -37.858    -0.37    0.99
 257547.279   -38.203    -0.92    0.99
 257922.903   -38.422    -0.58    1.10
 258298.521   -38.551    -0.34    1.16
 258674.133   -38.449     0.27    1.27
 259049.740   -38.289     0.42    1.27
 259425.340   -38.074     0.57    1.13
 259800.934   -38.132    -0.15    1.12
 260176.523   -38.327    -0.52    1.01
 260552.106   -38.099     0.61    1.03
 260927.683   -38.279    -0.48    1.26
 261303.254   -38.203     0.20    1.33
 261678.819   -38.149     0.14    1.18
 262054.378   -38.320    -0.45    1.35
 262429.931   -38.166     0.41    1.34
 262805.479   -37.789     1.00    1.49
 263181.020   -36.961     2.21    1.96
 263556.556   -36.368     1.58    1.71
 263932.086   -36.816    -1.19    1.99
 264307.610   -36.874    -0.15    1.89
 264683.128   -37.526    -1.74    1.63
 265058.640   -37.602    -0.20    1.52
 265434.147   -37.289     0.83    1.63
 265809.647   -37.024     0.71    1.72
 266185.142   -36.987     0.10    1.50
 266560.631   -37.224    -0.63    1.53
 266936.114   -37.140     0.22    1.54
 267311.591   -37.528    -1.03    1.87
 267687.062   -37.781    -0.68    2.02
 268062.528   -38.230    -1.20    1.82
 268437.987   -38.499    -0.72    1.90
 268813.441   -38.679    -0.48    1.67
 269188.889   -38.579     0.27    1.64
 269564.331   -38.842    -0.70    1.60
 269939.768   -39.168    -0.87    1.47
 270315.198   -39.551    -1.02    1.24
 270690.623   -40.181    -1.68    1.47
 271066.041   -40.368    -0.50    1.69
 271441.996   -40.224     0.38    1.81
 271818.571   -39.756     1.24    1.57
 272195.141   -39.089     1.77    1.39
 272571.704   -38.807     0.75    1.54
 272948.262   -38.653     0.41    1.19
 273324.814   -38.421     0.62    1.33
 273701.359   -37.711     1.89    2.15
 274077.900   -37.038     1.79    1.98
 274454.434   -36.640     1.06    1.92
 274830.962   -36.422     0.58    1.73
 275207.485   -36.609    -0.50    1.42
 275584.001   -36.663    -0.14    1.37
 275960.512   -36.906    -0.65    1.44
 276337.017   -36.974    -0.18    1.18
 276713.516   -37.249    -0.73    1.14
 277090.010   -37.349    -0.27    1.18
 277466.497   -37.474    -0.33    1.21
 277842.979   -37.448     0.07    1.18
 278219.455   -37.605    -0.42    1.51
 278595.925   -37.674    -0.18    1.38
 278972.389   -37.653     0.05    1.27
 279348.847   -37.789    -0.36    1.21
 279725.300   -38.192    -1.07    1.12
 280101.747   -38.371    -0.48    1.17
 280478.188   -38.474    -0.27    1.12
 280854.623   -38.501    -0.07    1.26
 281231.052   -38.424     0.20    1.24
 281607.475   -38.474    -0.13    1.25
 281983.893   -38.447     0.07    1.21
 282360.305   -38.211     0.63    1.37
 282736.711   -38.102     0.29    1.44
 283113.111   -37.961     0.38    1.37
 283489.506   -38.166    -0.54    1.32
 283865.894   -38.184    -0.05    1.45
 284242.277   -38.500    -0.84    1.30
 284618.654   -38.418     0.22    1.57
 284995.025   -38.756    -0.90    1.76
 285371.391   -38.913    -0.42    1.79
 285747.751   -38.636     0.74    2.74
 286124.105   -38.024     1.63    3.90
 286500.453   -35.895     5.66    4.73
 286876.795   -33.243     7.05    4.94
 287253.132   -30.038     8.52    6.35
 287629.462   -29.294     1.98    7.86
 288005.787   -28.737     1.48    8.16
 288382.107   -29.947    -3.22    8.53
 288758.420   -32.217    -6.03    7.66
 289134.728   -35.825    -9.59    5.57
 289511.030   -38.038    -5.88    4.20
 289887.326   -39.737    -4.51    2.51
 290263.616   -40.744    -2.68    1.74
 290639.901   -40.825    -0.22    1.55
 291016.180   -41.113    -0.76    1.57
 291392.453   -41.424    -0.83    1.43
 291768.720   -41.499    -0.20    1.49
 292144.982   -41.368     0.35    1.39
 292521.237   -41.224     0.38    1.37
 292897.487   -41.211     0.03    1.31
 293273.732   -41.274    -0.17    1.45
 293649.970   -41.448    -0.46    1.58
 294026.203   -41.395     0.14    1.63
 294402.430   -40.737     1.75    2.11
 294778.652   -40.012     1.93    1.92
 295154.867   -39.449     1.50    1.60
 295531.077   -38.771     1.80    1.68
 295907.281   -38.547     0.60    1.77
 296283.480   -38.237     0.82    1.62
 296659.672   -38.237     0.00    1.75
 297035.859   -38.501    -0.70    1.72
 297412.041   -38.988    -1.30    1.74
 297788.216   -39.115    -0.34    1.74
 298164.386   -39.115     0.00    2.11
 298540.550   -38.690     1.13    2.47
 298916.708   -38.602     0.23    2.64
 299292.861   -38.196     1.08    2.63
 299669.008   -38.294    -0.26    2.52
 300045.149   -38.574    -0.74    2.43
 300421.284   -39.203    -1.67    2.29
 300797.414   -39.320    -0.31    2.58
 301173.538   -39.217     0.27    2.71
 301549.656   -39.324    -0.28    2.67
 301925.769   -39.744    -1.12    2.66
 302301.876   -40.038    -0.78    2.70
 302677.977   -40.312    -0.73    2.44
 303054.073   -40.684    -0.99    2.30
 303430.163   -41.012    -0.87    2.20
 303806.247   -41.559    -1.45    1.74
 304182.325   -41.345     0.57    2.00
 304558.398   -41.368    -0.06    2.66
 304934.465   -41.684    -0.84    2.90
 305310.527   -42.501    -2.17    3.06
 305686.582   -42.363     0.37    2.90
 306062.632   -42.699    -0.89    2.57
 306438.677   -43.349    -1.73    2.44
 306814.715   -43.237     0.30    2.70
 307190.748   -42.899     0.90    2.96
 307566.776   -42.140     2.02    2.86
 307942.797   -41.628     1.36    2.71
 308318.813   -40.974     1.74    2.64
 308694.824   -40.679     0.78    2.70
 309070.828   -40.636     0.11    2.02
 309446.827   -41.012    -1.00    2.25
 309822.821   -41.099    -0.23    2.38
 310198.808   -41.531    -1.15    2.14
 310574.790   -41.807    -0.73    1.96
 310950.767   -41.663     0.38    1.84
 311326.737   -41.582     0.22    2.08
 311702.702   -40.987     1.58    2.73
 312078.662   -40.251     1.96    3.02
 312454.615   -39.599     1.74    3.22
 312830.563   -39.910    -0.83    3.32
 313206.506   -40.257    -0.93    3.12
 313582.443   -40.217     0.11    2.84
 313958.374   -40.026     0.51    2.73
 314334.299   -40.474    -1.19    2.70
 314710.219   -40.756    -0.75    2.46
 315086.134   -41.012    -0.68    2.71
 315462.042   -41.607    -1.58    2.46
