# NaN NaN NaN ;Mean Elev.(m), Avg Gradient(m/km), RMS Gradient(m/km) - SRTM1     
#  147.155  -5.416  20.490 ;Mean Elev.(m), Avg Gradient(m/km), RMS Gradient(m/km) - ASTER GDEM
#  150.432  -4.927  21.941 ;Mean Elev.(m), Avg Gradient(m/km), RMS Gradient(m/km) - GMTED2010 
  8   155.045 52497.62053421 41.44 103.790822  18.343615 18.210
  8   155.103 52497.62053485 37.63 103.790042  18.346915 18.210
  8   155.361 52497.62053550 41.80 103.789261  18.350210 16.931
 10   148.148 52567.62054567 45.37 103.790135  18.343342 21.675
 10   148.145 52567.62054632 47.40 103.789355  18.346642 21.675
 10   147.700 52567.62054696 48.14 103.788575  18.349942 21.675
 11   146.754 52602.62054662 29.35 103.784475  18.344702 23.373
 11   146.740 52602.62054727 34.56 103.783695  18.348002 23.373
 12   146.895 52637.62051719 45.06 103.783424  18.343804 17.343
 12   145.839 52637.62051784 43.85 103.782644  18.347104 17.343
 12   145.705 52637.62051848 40.91 103.781864  18.350404 17.343
 13   145.187 52672.62051855 48.63 103.787409  18.342101 21.409
 13   145.133 52672.62051919 50.22 103.786629  18.345401 21.409
 13   145.375 52672.62051984 50.09 103.785849  18.348701 21.409
 14   144.595 52707.62052340 44.96 103.787226  18.341796 15.719
 14   144.413 52707.62052405 50.60 103.786446  18.345096 15.719
 14   144.888 52707.62052469 49.05 103.785666  18.348396 15.719
 15   144.557 52742.62055467 48.11 103.783417  18.344064 19.738
 15   144.098 52742.62055531 49.57 103.782637  18.347364 19.738
 17   147.581 52812.62057520 46.43 103.782616  18.343174 23.117
 17   147.498 52812.62057584 46.97 103.781836  18.346474 23.117
 17   147.347 52812.62057649 47.89 103.781056  18.349774 23.117
 18   150.506 52847.62062938 49.37 103.785138  18.343301 21.396
 18   150.793 52847.62063003 51.29 103.784358  18.346601 21.396
 18   150.319 52847.62063067 51.51 103.783578  18.349901 21.396
 19   156.668 52882.62066571 22.77 103.784590  18.343401 17.348
 19   155.388 52882.62066635 21.87 103.783810  18.346701 17.348
 19   154.613 52882.62066700 25.29 103.783030  18.350001 17.348
 20   149.175 52917.62062253 49.98 103.790322  18.344339 20.753
 20   149.559 52917.62062318 51.06 103.789542  18.347639 20.753
 21   146.142 52952.62058398 48.94 103.790655  18.342985 19.365
 21   146.136 52952.62058462 50.58 103.789875  18.346285 19.365
 21   145.833 52952.62058527 50.25 103.789095  18.349585 19.365
 22   144.297 52987.62059659 50.16 103.795909  18.342200 24.294
 22   144.229 52987.62059723 49.28 103.795129  18.345500 24.294
 22   144.492 52987.62059787 48.17 103.794349  18.348800 24.294
 23   144.467 53022.62058487 45.83 103.794098  18.341590 26.765
 23   143.892 53022.62058552 50.67 103.793318  18.344890 26.765
 23   144.449 53022.62058616 49.79 103.792538  18.348190 26.765
 24   143.479 53057.62057799 52.59 103.794060  18.342729 22.011
 24   143.358 53057.62057864 50.85 103.793280  18.346029 22.011
 24   143.784 53057.62057928 48.16 103.792500  18.349329 22.011
 25   143.956 53092.62061610 46.64 103.781668  18.343359 18.682
 25   143.939 53092.62061675 42.90 103.780888  18.346659 18.682
 25   143.796 53092.62061739 50.21 103.780108  18.349959 18.682
 26   145.111 53127.62058688 39.43 103.790205  18.342278 17.810
 26   144.970 53127.62058753 46.21 103.789425  18.345578 17.810
 26   144.918 53127.62058817 48.26 103.788645  18.348878 17.810
 28   149.156 53197.62065140 49.63 103.788631  18.343120 17.256
 28   149.385 53197.62065204 36.70 103.787851  18.346420 17.256
 28   149.356 53197.62065269 46.30 103.787071  18.349720 17.256
 29   153.329 53232.62062766 46.96 103.796027  18.341313 32.890
 29   153.169 53232.62062831 46.33 103.795247  18.344613 32.890
 29   153.327 53232.62062895 46.06 103.794467  18.347913 32.890
 30   154.450 53267.62059639 45.07 103.789643  18.341633 35.222
 30   154.349 53267.62059704 44.77 103.788863  18.344933 35.222
 30   154.628 53267.62059768 47.07 103.788083  18.348233 35.222
 31   154.895 53302.62065243 19.70 103.777815  18.343025 17.133
 31   153.623 53302.62065307 19.08 103.777035  18.346325 17.133
 31   152.767 53302.62065372 23.20 103.776255  18.349625 17.133
 32   146.004 53337.62062203 42.80 103.787558  18.343481 33.541
 32   145.658 53337.62062267 47.46 103.786778  18.346781 33.541
 32   145.539 53337.62062332 49.56 103.785998  18.350081 33.541
 33   145.159 53372.62055661 48.81 103.791984  18.344171 31.420
 33   145.294 53372.62055726 49.55 103.791204  18.347471 31.420
 34   144.854 53407.62059469 45.54 103.789470  18.341890 27.314
 34   144.261 53407.62059534 51.90 103.788690  18.345190 27.314
 34   144.767 53407.62059598 49.31 103.787910  18.348490 27.314
 35   146.323 53442.62057955 20.59 103.790610  18.341445 28.832
 35   144.258 53442.62058019 32.82 103.789830  18.344745 28.832
 35   144.284 53442.62058084 31.14 103.789050  18.348045 28.832
 36   145.136 53477.62065253 43.85 103.780792  18.344709 20.474
 36   145.081 53477.62065318 48.85 103.780012  18.348009 20.474
 37   145.157 53512.62066389 50.62 103.786775  18.344056 22.228
 37   144.427 53512.62066454 53.24 103.785995  18.347356 22.228
 38   149.821 53547.62068146 44.46 103.783509  18.342275 27.198
 38   149.969 53547.62068210 35.78 103.782729  18.345575 27.198
 38   149.907 53547.62068275 45.08 103.781949  18.348875 27.198
 39   154.960 53582.62064976 27.32 103.788974  18.342619 21.246
 39   154.528 53582.62065040 24.89 103.788194  18.345919 21.246
 39   155.539 53582.62065105 28.29 103.787414  18.349219 21.246
 40   154.185 53617.62060584 46.47 103.786800  18.343775 38.260
 40   154.569 53617.62060649 45.28 103.786020  18.347075 38.260
 40   154.193 53617.62060713 44.87 103.785240  18.350375 38.260
 41   154.063 53652.62062497 18.18 103.786803  18.344071 27.900
 41   154.269 53652.62062562 17.38 103.786023  18.347371 27.900
 42   147.855 53687.62062694 50.46 103.783772  18.344735 30.579
 42   147.716 53687.62062759 49.61 103.782992  18.348035 30.579
 43   145.967 53722.62055181 21.15 103.792494  18.343680 30.837
 43   146.018 53722.62055246 21.11 103.791714  18.346980 30.837
 44   144.735 53757.62048594 43.84 103.793976  18.341870 26.959
 44   144.137 53757.62048659 50.34 103.793196  18.345170 26.959
 44   144.635 53757.62048723 48.76 103.792416  18.348470 26.959
 45   143.884 53792.62050999 49.62 103.792366  18.343638 30.112
 45   144.261 53792.62051063 41.76 103.791586  18.346938 30.112
 46   143.728 53827.62047720 51.72 103.790062  18.343172 30.612
 46   143.347 53827.62047784 41.90 103.789282  18.346472 30.612
 46   143.971 53827.62047848 46.21 103.788502  18.349772 30.612
 47   145.017 53862.62056305 33.82 103.783752  18.342062 22.137
 47   145.020 53862.62056369 38.04 103.782972  18.345362 22.137
 47   144.926 53862.62056434 49.65 103.782192  18.348662 22.137
 48   146.973 53897.62058562 47.17 103.787469  18.344064 23.292
 48   147.131 53897.62058626 45.49 103.786689  18.347364 23.292
 49   149.625 53932.62063377 47.42 103.777877  18.343144 23.993
 49   149.432 53932.62063441 51.40 103.777097  18.346444 23.993
 49   149.249 53932.62063506 49.28 103.776317  18.349744 23.993
 50   152.529 53967.62060733 45.80 103.782286  18.344004 20.022
 50   151.995 53967.62060797 46.68 103.781504  18.347300 35.913
 51   150.684 54002.62057321 50.13 103.788230  18.341921 36.664
 51   150.561 54002.62057385 51.62 103.787450  18.345221 36.664
 51   150.442 54002.62057450 47.11 103.786670  18.348521 36.664
 52   148.419 54037.62061046 39.57 103.789921  18.342909 18.042
 52   148.661 54037.62061110 46.96 103.789134  18.346205 38.946
 52   148.584 54037.62061175 49.82 103.788354  18.349505 38.946
 53   145.956 54072.62060448 29.51 103.789646  18.342684 16.920
 53   145.294 54072.62060512 34.59 103.788866  18.345984 16.920
 53   145.852 54072.62060577 31.28 103.788083  18.349278 33.542
 54   144.438 54107.62055390 48.07 103.788962  18.344188 14.854
 54   145.146 54107.62055455 44.27 103.788182  18.347488 14.854
 55   143.476 54142.62054056 53.31 103.786058  18.344794 27.655
 55   144.721 54142.62054121 47.75 103.785278  18.348094 27.655
 56   143.446 54177.62053644 51.17 103.788464  18.343299 28.616
 56   143.640 54177.62053709 45.46 103.787684  18.346599 28.616
 56   144.003 54177.62053773 47.77 103.786904  18.349899 28.616
 57   144.773 54212.62054731 49.15 103.785770  18.343261 19.218
 57   145.053 54212.62054795 46.28 103.784990  18.346561 19.218
 57   144.864 54212.62054860 47.59 103.784210  18.349861 19.218
 58   156.953 54247.62057695 24.83 103.786350  18.344704 13.137
 58   156.074 54247.62057759 25.68 103.785570  18.348004 13.137
 60   151.069 54317.62058336 44.86 103.790249  18.341871 29.129
 60   151.067 54317.62058401 47.90 103.789469  18.345171 29.129
 60   151.220 54317.62058465 48.13 103.788689  18.348471 29.129
 61   153.401 54352.62054945 44.06 103.789666  18.344077 33.600
 61   153.812 54352.62055009 41.69 103.788886  18.347377 33.600
 62   152.486 54387.62052313 34.10 103.788820  18.342365 35.288
 62   152.566 54387.62052377 39.74 103.788040  18.345665 35.288
 62   152.626 54387.62052441 49.16 103.787260  18.348965 35.288
 63   147.092 54422.62049893 25.19 103.788551  18.343437 35.509
 63   146.982 54422.62049958 34.14 103.787771  18.346737 35.509
 63   146.663 54422.62050022 44.23 103.786991  18.350037 35.509
 64   145.312 54457.62049737 49.85 103.787183  18.343868 30.760
 64   145.843 54457.62049801 46.05 103.786403  18.347168 30.760
 65   144.389 54492.62050165 49.55 103.789909  18.342721 28.128
 65   143.706 54492.62050230 50.70 103.789129  18.346021 28.128
 65   144.518 54492.62050294 49.22 103.788349  18.349321 28.128
 66   144.582 54527.62050978 38.88 103.789199  18.342963 16.757
 66   144.102 54527.62051043 45.79 103.788419  18.346263 16.757
 66   144.400 54527.62051107 49.11 103.787639  18.349563 16.757
 67   144.853 54562.62050957 47.64 103.789187  18.342446 17.695
 67   144.432 54562.62051021 48.64 103.788407  18.345746 17.695
 67   145.027 54562.62051086 52.18 103.787627  18.349046 17.695
 68   153.352 54597.62050592 27.73 103.787756  18.342286 12.578
 68   145.690 54597.62050657 37.69 103.786976  18.345586 12.578
 68   145.688 54597.62050721 42.64 103.786196  18.348886 12.578
 69   155.679 54632.62051927 24.35 103.786326  18.344064 13.241
 69   155.555 54632.62051991 25.78 103.785546  18.347364 13.241
 70   154.344 54667.62052469 47.74 103.786461  18.343620 21.326
 70   154.178 54667.62052534 49.68 103.785681  18.346920 21.326
 70   153.669 54667.62052598 47.44 103.784901  18.350220 21.326
 71   154.490 54702.62049070 43.88 103.791042  18.341760 37.929
 71   154.570 54702.62049134 41.36 103.790262  18.345060 37.929
 71   154.741 54702.62049199 46.33 103.789482  18.348360 37.929
 72   151.076 54737.62048547 46.30 103.787096  18.341823 16.673
 72   151.062 54737.62048611 48.84 103.786316  18.345123 16.673
 72   150.884 54737.62048676 48.79 103.785536  18.348423 16.673
 73   148.996 54772.62047110 49.80 103.790393  18.341616 22.138
 73   149.020 54772.62047175 51.49 103.789613  18.344916 22.138
 73   148.929 54772.62047239 48.65 103.788833  18.348216 22.138
 74   146.648 54807.62047889 47.38 103.785718  18.342732 15.917
 74   146.103 54807.62047953 50.31 103.784938  18.346032 15.917
 74   146.190 54807.62048018 48.30 103.784158  18.349332 15.917
 75   145.127 54842.62046875 51.05 103.788735  18.343091 18.945
 75   144.668 54842.62046940 52.70 103.787955  18.346391 18.945
 75   145.345 54842.62047004 50.06 103.787175  18.349691 18.945
 76   145.010 54877.62048110 42.86 103.786384  18.342240 16.609
 76   144.200 54877.62048174 49.49 103.785604  18.345540 16.609
 76   145.018 54877.62048239 48.22 103.784824  18.348840 16.609
 77   144.272 54912.62047295 48.34 103.787840  18.342978 15.115
 77   143.976 54912.62047360 45.35 103.787060  18.346278 15.115
 77   144.309 54912.62047424 47.67 103.786280  18.349578 15.115
 78   144.646 54947.62047409 47.76 103.785391  18.342916 17.025
 78   144.545 54947.62047474 48.29 103.784611  18.346216 17.025
 78   144.668 54947.62047538 48.53 103.783831  18.349516 17.025
 79   147.196 54982.62050005 44.98 103.785889  18.344362 12.926
 79   146.988 54982.62050069 46.98 103.785109  18.347662 12.926
 80   154.864 55017.62049817 29.65 103.788341  18.342861 26.099
 80   155.407 55017.62049882 25.56 103.787561  18.346161 26.099
 80   155.566 55017.62049946 31.14 103.786781  18.349461 26.099
 81   154.878 55052.62049341 38.09 103.789694  18.341444 17.376
 81   154.412 55052.62049406 24.49 103.788914  18.344744 17.376
 81   155.435 55052.62049470 24.43 103.788134  18.348044 17.376
 82   150.112 55087.62045660 48.47 103.789200  18.341951 20.481
 82   150.023 55087.62045724 52.23 103.788420  18.345251 20.481
 82   150.073 55087.62045789 49.92 103.787640  18.348551 20.481
 83   147.877 55122.62042878 47.79 103.788526  18.342615 19.526
 83   147.491 55122.62042943 55.54 103.787746  18.345915 19.526
 83   147.798 55122.62043007 50.53 103.786966  18.349215 19.526
 84   145.097 55157.62041723 49.20 103.787532  18.344581 21.286
 84   145.822 55157.62041787 48.24 103.786752  18.347881 21.286
 85   144.671 55192.62041895 50.64 103.785932  18.343384 16.838
 85   144.679 55192.62041960 40.31 103.785152  18.346684 16.838
 85   144.602 55192.62042024 50.10 103.784372  18.349984 16.838
 86   144.387 55227.62041864 52.34 103.787822  18.344336 15.094
 86   144.948 55227.62041928 41.99 103.787042  18.347636 15.094
 87   143.605 55262.62041370 47.19 103.788726  18.342210 18.433
 87   142.970 55262.62041435 53.67 103.787946  18.345510 18.433
 87   143.838 55262.62041499 46.53 103.787166  18.348810 18.433
 88   144.030 55297.62040240 45.30 103.789855  18.341678 14.068
 88   143.600 55297.62040305 49.51 103.789075  18.344978 14.068
 88   144.208 55297.62040369 44.72 103.788295  18.348278 14.068
 89   144.466 55332.62039383 47.83 103.786626  18.342595 16.263
 89   144.456 55332.62039448 48.38 103.785846  18.345895 16.263
 89   144.521 55332.62039512 48.64 103.785066  18.349195 16.263
 90   145.342 55367.62038567 38.14 103.788946  18.343719 15.798
 90   145.200 55367.62038632 36.82 103.788166  18.347019 15.798
 90   145.135 55367.62038696 42.66 103.787386  18.350319 15.798
 91   151.107 55402.62040054 49.01 103.786931  18.343687 17.911
 91   150.690 55402.62040118 50.36 103.786151  18.346987 17.911
 91   150.460 55402.62040182 48.69 103.785371  18.350287 17.911
 92   152.680 55437.62040329 44.42 103.790406  18.341798 17.393
 92   152.812 55437.62040393 40.21 103.789626  18.345098 17.393
 92   152.887 55437.62040457 44.48 103.788846  18.348398 17.393
 93   154.494 55472.62035279 20.42 103.790201  18.344418 19.399
 93   155.212 55472.62035344 22.73 103.789421  18.347718 19.399
