# NaN NaN NaN ;Mean Elev.(m), Avg Gradient(m/km), RMS Gradient(m/km) - SRTM1     
#   42.705   1.092   6.701 ;Mean Elev.(m), Avg Gradient(m/km), RMS Gradient(m/km) - ASTER GDEM
#   47.474  -1.476   7.161 ;Mean Elev.(m), Avg Gradient(m/km), RMS Gradient(m/km) - GMTED2010 
  6    50.084 52438.12821119 39.55 105.967134  13.790310 24.946
  6    49.907 52438.12821184 40.57 105.966374  13.787000 24.946
  6    49.888 52438.12821248 43.24 105.965614  13.783700 24.946
  6    49.847 52438.12821313 43.60 105.964864  13.780400 24.946
  7    53.434 52473.12821186 33.62 105.970854  13.786647 15.661
  7    53.300 52473.12821250 34.58 105.970104  13.783347 15.661
  7    53.245 52473.12821315 36.93 105.969344  13.780047 15.661
  7    53.277 52473.12821379 36.80 105.968584  13.776737 15.661
  8    55.910 52508.12818276 33.97 105.974620  13.783677 19.269
  8    55.957 52508.12818341 34.41 105.973860  13.780377 19.269
  8    55.932 52508.12818405 35.07 105.973110  13.777067 19.269
  8    55.865 52508.12818470 36.16 105.972350  13.773767 19.269
  9    54.352 52543.12816883 33.72 105.981449  13.774125 19.530
  9    54.268 52543.12816948 35.68 105.980699  13.770825 19.530
  9    54.185 52543.12817012 36.51 105.979939  13.767525 19.530
 10    45.377 52578.12821744 42.94 105.971600  13.785641 27.168
 10    45.429 52578.12821809 42.71 105.970850  13.782341 27.168
 10    45.267 52578.12821873 44.05 105.970090  13.779031 27.168
 10    45.114 52578.12821938 44.89 105.969340  13.775731 27.168
 11    47.575 52613.12818260 44.46 105.971182  13.784953 24.337
 11    47.498 52613.12818325 45.12 105.970422  13.781653 24.337
 11    47.325 52613.12818389 43.25 105.969672  13.778343 24.337
 11    47.175 52613.12818454 44.23 105.968912  13.775043 24.337
 12    46.480 52648.12816610 42.73 105.975995  13.779726 22.809
 12    46.311 52648.12816674 43.92 105.975245  13.776426 22.809
 12    46.236 52648.12816738 44.50 105.974485  13.773116 22.809
 13    45.177 52683.12814135 37.18 105.979891  13.778151 18.909
 13    45.089 52683.12814199 39.08 105.979141  13.774851 18.909
 13    45.062 52683.12814264 41.47 105.978381  13.771541 18.909
 14    45.068 52718.12819692 45.60 105.973033  13.785866 17.289
 14    44.908 52718.12819756 44.54 105.972273  13.782566 17.289
 14    44.843 52718.12819821 42.59 105.971523  13.779266 17.289
 14    44.674 52718.12819885 44.40 105.970763  13.775956 17.289
 14    44.478 52718.12819950 48.83 105.970013  13.772656 17.289
 15    45.622 52753.12821921 43.76 105.965394  13.800000 38.999
 15    45.435 52753.12821986 43.92 105.964634  13.796700 38.999
 15    45.443 52753.12822050 43.68 105.963884  13.793390 38.999
 16    46.566 52788.12816829 46.06 105.974663  13.781175 29.006
 16    46.447 52788.12816893 45.15 105.973903  13.777865 29.006
 16    46.267 52788.12816958 45.66 105.973153  13.774565 29.006
 17    48.665 52823.12823975 36.44 105.975905  13.782391 23.452
 17    48.493 52823.12824039 37.49 105.975155  13.779081 23.452
 17    48.411 52823.12824104 40.65 105.974395  13.775781 23.452
 17    48.441 52823.12824168 41.07 105.973635  13.772481 23.452
 18    50.139 52858.12828713 38.40 105.977272  13.778364 19.444
 18    49.994 52858.12828778 38.36 105.976512  13.775054 19.444
 18    49.947 52858.12828842 39.33 105.975762  13.771754 19.444
 19    53.912 52893.12831774 37.39 105.971604  13.785257 21.176
 19    53.799 52893.12831838 36.25 105.970846  13.781957 20.125
 19    53.878 52893.12831903 37.52 105.970096  13.778647 20.125
 19    53.624 52893.12831967 38.33 105.969336  13.775347 20.125
 20    49.477 52928.12826853 41.09 105.971075  13.786943 28.916
 20    49.360 52928.12826918 41.72 105.970325  13.783633 28.916
 20    49.243 52928.12826982 44.02 105.969565  13.780333 28.916
 20    49.181 52928.12827047 42.58 105.968815  13.777031 19.857
 21    46.646 52963.12824717 42.73 105.980539  13.778099 23.607
 21    46.538 52963.12824782 45.27 105.979779  13.774799 23.607
 21    46.280 52963.12824846 44.44 105.979019  13.771489 23.607
 22    45.232 52998.12828510 53.02 105.970677  13.785971 32.912
 22    45.365 52998.12828575 48.92 105.969917  13.782671 32.912
 22    45.162 52998.12828639 45.20 105.969167  13.779371 32.912
 22    44.937 52998.12828704 43.43 105.968407  13.776061 32.912
 23    44.661 53033.12824032 48.08 105.971551  13.785288 28.961
 23    44.484 53033.12824097 42.68 105.970791  13.781988 28.961
 23    44.258 53033.12824161 42.31 105.970041  13.778678 28.961
 23    44.191 53033.12824226 44.02 105.969281  13.775378 28.961
 24    43.994 53068.12825436 41.13 105.976184  13.780345 21.553
 24    43.414 53068.12825500 43.28 105.975434  13.777045 21.553
 24    42.954 53068.12825565 43.67 105.974674  13.773735 21.553
 25    43.691 53103.12824221 46.83 105.970474  13.786146 26.265
 25    43.637 53103.12824286 42.86 105.969714  13.782846 26.265
 25    43.482 53103.12824350 39.00 105.968964  13.779544 21.083
 25    43.270 53103.12824415 43.12 105.968204  13.776244 21.083
 26    45.455 53138.12825784 44.31 105.977794  13.779595 23.692
 26    45.287 53138.12825848 45.81 105.977044  13.776295 23.692
 26    45.188 53138.12825913 46.13 105.976284  13.772985 23.692
 27    48.683 53173.12830078 45.97 105.973399  13.784048 26.453
 27    48.512 53173.12830142 42.90 105.972640  13.780749 24.042
 27    48.458 53173.12830206 44.63 105.971890  13.777439 24.042
 27    48.362 53173.12830271 42.66 105.971130  13.774139 24.042
 28    50.424 53208.12831636 36.94 105.972628  13.784694 21.987
 28    50.313 53208.12831700 36.72 105.971868  13.781394 21.987
 28    50.235 53208.12831765 41.40 105.971118  13.778084 21.987
 28    50.219 53208.12831829 39.55 105.970358  13.774784 21.987
 29    53.864 53243.12828439 31.94 105.975916  13.781484 20.647
 29    53.718 53243.12828504 32.17 105.975166  13.778174 20.647
 29    53.535 53243.12828568 33.04 105.974406  13.774874 20.647
 29    53.588 53243.12828633 34.69 105.973656  13.771574 20.647
 30    51.776 53278.12826022 32.90 105.975556  13.781943 20.953
 30    51.713 53278.12826086 33.46 105.974806  13.778643 20.953
 30    51.769 53278.12826150 34.79 105.974046  13.775333 20.953
 30    51.682 53278.12826215 35.46 105.973296  13.772033 20.953
 31    47.840 53313.12829001 42.70 105.973354  13.785827 23.556
 31    47.653 53313.12829065 39.05 105.972604  13.782517 23.556
 31    47.622 53313.12829130 40.60 105.971845  13.779218 21.704
 31    47.517 53313.12829194 41.01 105.971085  13.775908 21.704
 31    47.314 53313.12829259 40.43 105.970335  13.772608 21.704
 32    46.362 53348.12825653 43.91 105.975771  13.781503 21.057
 32    46.149 53348.12825717 44.31 105.975015  13.778203 24.883
 32    45.956 53348.12825782 46.84 105.974255  13.774893 24.883
 32    45.796 53348.12825846 45.46 105.973505  13.771593 24.883
 33    45.134 53383.12822453 46.74 105.976212  13.780508 27.949
 33    44.980 53383.12822517 45.85 105.975462  13.777208 27.949
 33    44.807 53383.12822582 46.50 105.974702  13.773898 27.949
 34    44.420 53418.12823676 45.36 105.980421  13.775820 19.818
 34    44.228 53418.12823740 47.81 105.979671  13.772510 19.818
 34    44.217 53418.12823805 49.61 105.978911  13.769210 19.818
 35    43.847 53453.12823881 42.17 105.977943  13.779767 23.164
 35    43.623 53453.12823946 42.97 105.977193  13.776467 23.164
 35    43.444 53453.12824010 44.32 105.976433  13.773167 23.164
 36    45.378 53488.12832208 47.94 105.968561  13.789986 40.591
 36    45.212 53488.12832273 46.74 105.967801  13.786685 25.503
 36    45.073 53488.12832337 43.32 105.967051  13.783385 25.503
 36    44.864 53488.12832402 48.63 105.966291  13.780075 25.503
 37    45.879 53523.12831268 43.87 105.976904  13.781083 18.130
 37    45.290 53523.12831333 46.65 105.976146  13.777783 24.812
 37    45.131 53523.12831397 46.69 105.975386  13.774483 24.812
 38    51.462 53558.12833785 39.66 105.967972  13.787603 26.989
 38    51.476 53558.12833849 38.84 105.967215  13.784304 21.716
 38    51.332 53558.12833913 41.86 105.966455  13.780994 21.716
 39    54.535 53593.12827671 34.13 105.979257  13.777013 21.816
 39    54.282 53593.12827736 35.61 105.978497  13.773713 21.816
 39    54.337 53593.12827800 39.81 105.977747  13.770413 21.816
 40    53.489 53628.12826626 34.19 105.970961  13.786750 18.466
 40    53.388 53628.12826691 34.09 105.970201  13.783440 18.466
 40    53.457 53628.12826755 33.75 105.969441  13.780140 18.466
 40    53.268 53628.12826819 33.92 105.968691  13.776840 18.466
 41    49.821 53663.12829178 40.54 105.971867  13.783686 24.235
 41    49.663 53663.12829243 40.55 105.971107  13.780386 24.235
 41    49.679 53663.12829307 41.52 105.970347  13.777086 24.235
 41    49.604 53663.12829372 39.46 105.969597  13.773786 24.235
 42    47.831 53698.12825459 45.13 105.974194  13.781570 24.071
 42    47.634 53698.12825524 42.43 105.973440  13.778269 24.592
 42    47.461 53698.12825588 42.52 105.972680  13.774969 24.592
 42    47.333 53698.12825653 41.39 105.971930  13.771659 24.592
 43    46.136 53733.12817727 42.01 105.976676  13.780013 17.013
 43    45.952 53733.12817792 43.31 105.975926  13.776712 23.021
 43    45.792 53733.12817856 42.13 105.975166  13.773412 23.021
 44    44.775 53768.12815695 43.77 105.979440  13.776283 21.321
 44    44.707 53768.12815760 48.04 105.978690  13.772983 21.321
 44    44.641 53768.12815824 42.53 105.977930  13.769673 21.321
 45    44.150 53803.12815422 47.69 105.977196  13.781202 25.975
 45    44.062 53803.12815487 47.87 105.976436  13.777902 25.975
 45    43.913 53803.12815551 45.90 105.975686  13.774592 25.975
 46    44.053 53838.12816913 43.25 105.974922  13.780885 20.869
 46    43.749 53838.12816977 45.94 105.974162  13.777575 20.869
 46    43.561 53838.12817042 42.58 105.973407  13.774275 21.903
 47    45.344 53873.12821869 43.02 105.975408  13.782627 29.208
 47    45.222 53873.12821934 45.66 105.974648  13.779327 29.208
 47    44.978 53873.12821998 46.51 105.973898  13.776017 29.208
 47    44.770 53873.12822063 45.77 105.973138  13.772717 29.208
 48    47.334 53908.12826030 48.13 105.971075  13.785511 32.947
 48    47.201 53908.12826094 46.12 105.970315  13.782211 32.947
 48    47.031 53908.12826159 47.10 105.969555  13.778901 32.947
 48    46.933 53908.12826223 46.75 105.968805  13.775601 32.947
 49    52.996 53943.12828477 39.08 105.966598  13.790342 24.955
 49    52.871 53943.12828542 37.87 105.965848  13.787042 24.955
 49    52.902 53943.12828606 42.23 105.965088  13.783732 24.955
 50    54.242 53978.12823724 36.42 105.972003  13.786531 18.772
 50    54.199 53978.12823789 34.34 105.971253  13.783231 18.772
 50    54.226 53978.12823853 35.46 105.970493  13.779921 18.772
 50    54.028 53978.12823918 35.73 105.969743  13.776621 18.772
 50    53.791 53978.12823982 36.87 105.968983  13.773321 18.772
 51    52.499 54013.12824742 36.06 105.977308  13.779915 12.802
 51    52.273 54013.12824806 36.94 105.976548  13.776615 12.802
 51    52.176 54013.12824871 40.79 105.975788  13.773305 12.802
 52    48.265 54048.12825691 40.57 105.980455  13.778366 13.896
 52    48.226 54048.12825756 43.57 105.979695  13.775066 13.896
 52    48.222 54048.12825820 45.01 105.978935  13.771766 13.896
 54    45.211 54118.12817873 46.46 105.973123  13.783162 24.583
 54    45.102 54118.12817937 44.12 105.972363  13.779862 24.583
 54    44.897 54118.12818002 43.91 105.971603  13.776552 24.583
 54    44.750 54118.12818066 47.70 105.970853  13.773252 24.583
 55    44.551 54153.12820253 46.60 105.973413  13.783070 23.593
 55    44.464 54153.12820318 47.02 105.972653  13.779770 23.593
 55    44.179 54153.12820382 43.63 105.971893  13.776470 23.593
 55    43.955 54153.12820447 43.16 105.971143  13.773160 23.593
 57    45.075 54223.12821202 46.77 105.973926  13.782500 31.311
 57    45.012 54223.12821267 45.86 105.973166  13.779200 31.311
 57    44.752 54223.12821331 45.71 105.972416  13.775900 31.311
 57    44.637 54223.12821396 45.53 105.971656  13.772590 31.311
 58    47.173 54258.12823403 46.45 105.974516  13.781765 31.232
 58    46.981 54258.12823468 43.93 105.973756  13.778465 31.232
 58    47.040 54258.12823532 46.14 105.973006  13.775165 31.232
 58    46.920 54258.12823597 45.55 105.972246  13.771855 31.232
 59    49.165 54293.12823703 43.66 105.975764  13.782424 22.789
 59    48.809 54293.12823767 40.20 105.975004  13.779124 22.789
 59    48.703 54293.12823831 40.92 105.974254  13.775824 22.789
 59    48.708 54293.12823896 39.91 105.973494  13.772514 22.789
 60    52.279 54328.12823252 37.61 105.975692  13.780239 24.815
 60    52.179 54328.12823316 38.00 105.974932  13.776939 24.815
 60    52.169 54328.12823381 39.91 105.974182  13.773639 24.815
 61    53.098 54363.12818003 36.17 105.973825  13.784264 21.676
 61    52.990 54363.12818068 36.21 105.973065  13.780964 21.676
 61    52.924 54363.12818132 37.49 105.972315  13.777654 21.676
 61    52.898 54363.12818197 37.87 105.971555  13.774354 21.676
 62    50.418 54398.12817244 32.73 105.976336  13.780479 17.914
 62    50.353 54398.12817309 32.65 105.975576  13.777179 17.914
 62    50.224 54398.12817373 34.98 105.974826  13.773869 17.914
 63    47.877 54433.12812996 46.40 105.975571  13.783405 20.659
 63    47.700 54433.12813060 42.51 105.974811  13.780105 20.659
 63    47.491 54433.12813125 42.43 105.974060  13.776804 23.111
 63    47.389 54433.12813189 43.75 105.973300  13.773504 23.111
 64    45.624 54468.12815503 41.30 105.977025  13.779094 22.164
 64    45.288 54468.12815568 42.51 105.976265  13.775794 22.164
 64    45.065 54468.12815632 43.25 105.975505  13.772494 22.164
 66    44.123 54538.12816993 44.10 105.976059  13.782169 25.760
 66    43.897 54538.12817057 48.08 105.975309  13.778869 25.760
 66    43.725 54538.12817122 46.44 105.974549  13.775559 25.760
 66    43.679 54538.12817186 43.02 105.973799  13.772259 25.760
 67    45.011 54573.12814657 46.69 105.975123  13.784188 30.516
 67    44.852 54573.12814721 47.20 105.974363  13.780888 30.516
 67    44.661 54573.12814786 45.70 105.973613  13.777578 30.516
 67    44.459 54573.12814850 45.65 105.972853  13.774278 30.516
 68    47.248 54608.12816295 47.02 105.974742  13.782507 28.882
 68    47.193 54608.12816360 42.61 105.973982  13.779207 28.882
 68    47.075 54608.12816424 45.73 105.973232  13.775907 28.882
 68    46.927 54608.12816489 44.58 105.972472  13.772597 28.882
 69    50.874 54643.12817140 35.45 105.974257  13.783821 21.888
 69    50.666 54643.12817205 37.24 105.973497  13.780521 21.888
 69    50.665 54643.12817269 39.61 105.972747  13.777221 21.888
 69    50.604 54643.12817334 40.09 105.971987  13.773911 21.888
 70    52.451 54678.12817273 35.91 105.974089  13.784579 21.544
 70    52.455 54678.12817338 36.72 105.973339  13.781269 21.544
 70    52.424 54678.12817402 36.37 105.972579  13.777969 21.544
 70    52.318 54678.12817466 38.19 105.971829  13.774669 21.544
 71    52.097 54713.12812605 34.85 105.975517  13.783479 20.905
 71    51.964 54713.12812670 36.02 105.974757  13.780179 20.905
 71    51.885 54713.12812734 38.22 105.974007  13.776869 20.905
 71    51.786 54713.12812799 39.14 105.973247  13.773569 20.905
 72    51.210 54748.12814268 32.50 105.974436  13.782774 15.800
 72    51.249 54748.12814333 33.36 105.973676  13.779464 15.800
 72    51.202 54748.12814397 34.59 105.972916  13.776164 15.800
 72    51.096 54748.12814462 36.62 105.972166  13.772864 15.800
 73    50.030 54783.12811377 40.02 105.975077  13.781495 24.434
 73    49.869 54783.12811441 38.60 105.974327  13.778195 24.434
 73    49.732 54783.12811506 39.95 105.973567  13.774885 24.434
 73    49.760 54783.12811570 40.24 105.972817  13.771585 24.434
 74    47.141 54818.12813484 41.05 105.975642  13.782519 27.753
 74    46.994 54818.12813548 39.26 105.974882  13.779219 27.753
 74    46.814 54818.12813613 40.31 105.974132  13.775919 27.753
 74    46.728 54818.12813677 41.07 105.973372  13.772609 27.753
 75    45.763 54853.12811091 43.94 105.974803  13.781267 28.709
 75    45.527 54853.12811156 46.15 105.974043  13.777967 28.709
 75    45.418 54853.12811220 46.09 105.973293  13.774667 28.709
 76    44.934 54888.12813966 45.79 105.973586  13.784328 32.446
 76    44.766 54888.12814030 42.69 105.972836  13.781028 32.446
 76    44.494 54888.12814095 45.06 105.972076  13.777718 32.446
 76    44.337 54888.12814159 44.05 105.971316  13.774418 32.446
 77    44.693 54923.12810968 47.59 105.972477  13.786756 30.242
 77    44.585 54923.12811033 46.59 105.971717  13.783456 30.242
 77    44.404 54923.12811097 41.65 105.970967  13.780146 30.242
 77    44.127 54923.12811162 42.56 105.970207  13.776846 30.242
 77    44.159 54923.12811226 45.35 105.969447  13.773546 30.242
 78    45.072 54958.12813610 47.43 105.974105  13.782091 32.858
 78    44.931 54958.12813674 47.88 105.973345  13.778791 32.858
 78    44.720 54958.12813739 46.68 105.972595  13.775491 32.858
 78    44.564 54958.12813803 45.66 105.971835  13.772181 32.858
 79    48.357 54993.12815867 43.41 105.972547  13.784849 27.881
 79    48.262 54993.12815931 42.82 105.971787  13.781549 27.881
 79    48.146 54993.12815995 41.95 105.971037  13.778249 27.881
 79    48.035 54993.12816060 44.59 105.970277  13.774939 27.881
 80    52.335 55028.12814898 36.70 105.975015  13.784142 24.170
 80    52.288 55028.12814962 36.42 105.974255  13.780842 24.170
 80    52.236 55028.12815026 37.27 105.973505  13.777542 24.170
 80    52.212 55028.12815091 39.17 105.972745  13.774232 24.170
 81    52.302 55063.12814107 33.52 105.975317  13.783224 22.255
 81    52.215 55063.12814171 35.50 105.974567  13.779914 22.255
 81    52.115 55063.12814236 38.49 105.973807  13.776614 22.255
 81    52.110 55063.12814300 38.68 105.973057  13.773314 22.255
 82    50.846 55098.12808775 38.19 105.972772  13.785595 22.844
 82    50.642 55098.12808840 36.96 105.972012  13.782295 22.844
 82    50.551 55098.12808904 39.12 105.971252  13.778985 22.844
 82    50.533 55098.12808969 39.81 105.970502  13.775685 22.844
 82    50.338 55098.12809033 37.86 105.969742  13.772385 22.844
 83    48.723 55133.12808544 44.63 105.974863  13.783240 25.716
 83    48.481 55133.12808609 42.43 105.974113  13.779940 25.716
 83    48.335 55133.12808673 41.36 105.973353  13.776630 25.716
 83    48.213 55133.12808738 41.26 105.972603  13.773330 25.716
 84    45.923 55168.12805051 43.31 105.975702  13.782095 27.262
 84    45.717 55168.12805115 42.21 105.974952  13.778785 27.262
 84    45.601 55168.12805180 43.23 105.974192  13.775485 27.262
 84    45.515 55168.12805244 42.71 105.973432  13.772185 27.262
 85    45.284 55203.12807769 48.49 105.974801  13.783603 26.539
 85    45.112 55203.12807834 46.56 105.974041  13.780303 26.539
 85    44.875 55203.12807898 45.88 105.973291  13.777003 26.539
 85    44.710 55203.12807963 46.14 105.972531  13.773693 26.539
 86    44.669 55238.12805844 51.77 105.973347  13.783580 32.743
 86    44.731 55238.12805909 47.07 105.972587  13.780280 32.743
 86    44.467 55238.12805973 44.07 105.971837  13.776980 32.743
 86    44.384 55238.12806038 47.05 105.971077  13.773670 32.743
 87    43.907 55273.12807139 38.19 105.974435  13.783031 25.270
 87    42.810 55273.12807204 37.80 105.973675  13.779731 25.270
 87    42.553 55273.12807268 37.21 105.972925  13.776431 25.270
 87    42.250 55273.12807332 41.25 105.972165  13.773121 25.270
 88    44.247 55308.12804056 44.30 105.974282  13.781812 29.557
 88    44.083 55308.12804120 45.55 105.973532  13.778502 29.557
 88    43.808 55308.12804185 44.15 105.972772  13.775202 29.557
 88    43.555 55308.12804249 42.44 105.972012  13.771902 29.557
 89    45.237 55343.12804090 44.09 105.975712  13.781965 27.826
 89    45.099 55343.12804154 45.84 105.974952  13.778655 27.826
 89    44.971 55343.12804219 45.28 105.974192  13.775355 27.826
 89    44.753 55343.12804283 44.36 105.973442  13.772055 27.826
 90    46.394 55378.12803487 46.09 105.974906  13.783868 29.174
 90    46.337 55378.12803552 42.65 105.974146  13.780568 29.174
 90    46.132 55378.12803616 46.04 105.973396  13.777268 29.174
 90    45.982 55378.12803681 46.07 105.972636  13.773958 29.174
 91    50.276 55413.12805895 36.79 105.976100  13.783130 23.017
 91    50.007 55413.12805959 37.45 105.975340  13.779830 23.017
 91    49.922 55413.12806024 37.86 105.974590  13.776530 23.017
 91    49.930 55413.12806088 37.91 105.973830  13.773220 23.017
 92    52.721 55448.12804863 35.81 105.975602  13.783412 22.865
 92    52.642 55448.12804927 36.49 105.974842  13.780102 22.865
 92    52.607 55448.12804992 38.59 105.974092  13.776802 22.865
 92    52.468 55448.12805056 38.22 105.973332  13.773502 22.865
 93    50.793 55483.12797736 39.20 105.974600  13.784301 21.307
 93    50.552 55483.12797801 37.99 105.973840  13.781001 21.307
 93    50.392 55483.12797865 38.79 105.973090  13.777691 21.307
 93    50.402 55483.12797930 38.74 105.972330  13.774391 21.307
