# NaN NaN NaN ;Mean Elev.(m), Avg Gradient(m/km), RMS Gradient(m/km) - SRTM1     
#   -6.067  -2.583   5.824 ;Mean Elev.(m), Avg Gradient(m/km), RMS Gradient(m/km) - ASTER GDEM
#   11.215  -2.344   5.249 ;Mean Elev.(m), Avg Gradient(m/km), RMS Gradient(m/km) - GMTED2010 
  8 105.906784  12.263077    17.050    16.896  4 52478.61737837 16.094
  9 105.920774  12.263520    20.275    20.275  4 52513.61732190 38.910
 10 105.908174  12.263039    18.388    18.393  4 52548.61736525 41.470
 11 105.915942  12.263059    13.919    11.843  3 52583.61736067 32.342
 12 105.909765  12.262878    12.569    12.395  4 52618.61733643 17.424
 13 105.920019  12.263532     7.854     7.550  3 52653.61731420 43.122
 14 105.914371  12.262067     6.490     6.496  3 52688.61731285 30.506
 15 105.912333  12.262578    15.246    19.317  3 52723.61735866 29.447
 16 105.901409  12.262276    15.012    19.182  3 52758.61737940 16.968
 17 105.913918  12.263439     9.296     9.311  3 52793.61733305 35.204
 18 105.915847  12.264227    10.702    10.706  3 52828.61740062 47.175
 19 105.918231  12.263477    14.439    14.470  3 52863.61744523 48.319
 20 105.910968  12.262036    19.531    19.542  3 52898.61747454 46.863
 21 105.910562  12.262632    17.254    17.348  3 52933.61741948 26.498
 22 105.911919  12.263538     8.083     8.034  3 52968.61743004 23.030
 23 105.905687  12.262677     6.546     6.528  4 53003.61745140 49.943
 24 105.909049  12.263657     6.048     6.049  3 53038.61740098 47.132
 25 105.909986  12.263080     5.642     5.682  3 53073.61742911 39.514
 26 105.909876  12.262566     5.459     5.494  3 53108.61740079 32.762
 27 105.909951  12.263795     6.311     6.317  3 53143.61743956 49.001
 28 105.914246  12.263407    16.040    17.744  3 53178.61745814 25.909
 29 105.910083  12.262730    15.149    15.154  3 53213.61747906 50.089
 30 105.913128  12.264499    18.316    18.223  3 53248.61744852 24.245
 31 105.906913  12.262425    15.041    15.040  4 53283.61744117 44.106
 32 105.916479  12.262206     9.092     9.100  3 53318.61743606 50.495
 33 105.918106  12.264135     7.460     7.463  3 53353.61740285 51.342
 34 105.909875  12.263530     6.369     6.365  3 53388.61740189 51.648
 35 105.918752  12.263140     6.942     6.481  4 53423.61740119 42.783
 36 105.915843  12.264086     6.101     6.006  3 53458.61740660 31.004
 37 105.904213  12.263171     6.654     6.492  3 53493.61749218 40.981
 38 105.917434  12.263642     6.363     6.360  4 53528.61746953 41.660
 39 105.906419  12.262227    13.235    13.020  3 53563.61749934 41.528
 40 105.916219  12.264387    20.109    20.108  3 53598.61744014 51.631
 42 105.906935  12.263587    14.483    12.734  3 53668.61745802 39.287
 43 105.917845  12.264694     9.223     9.210  3 53703.61739941 47.553
 44 105.919417  12.264503     7.449     7.450  3 53738.61730872 27.906
 45 105.917673  12.263602     6.856     6.607  4 53773.61732427 29.978
 46 105.916837  12.264053     6.389     6.153  3 53808.61731015 28.972
 48 105.915069  12.263161     6.403     6.387  4 53878.61738009 48.532
 49 105.905346  12.262634    10.387     8.028  4 53913.61743440 37.841
 50 105.903714  12.262577    19.479    19.511  3 53948.61744715 15.041
 51 105.912569  12.262885    18.987    18.817  4 53983.61738696 26.950
 52 105.912928  12.262921    18.501    18.544  4 54018.61741863 30.761
 53 105.921380  12.263114    10.837    10.400  3 54053.61741020 50.053
 54 105.914706  12.263190     7.453     7.545  3 54088.61740188 27.191
 55 105.912007  12.262335     6.250     6.279  3 54123.61732488 30.306
 56 105.911813  12.263152     5.857     5.840  3 54158.61736644 48.801
 57 105.911604  12.263586     5.725     5.755  3 54193.61732633 34.462
 58 105.911792  12.264293     6.310     6.295  3 54228.61737881 50.932
 59 105.912418  12.264488    11.167     7.588  3 54263.61739767 22.065
 60 105.913759  12.262428    12.227    12.232  3 54298.61740129 50.417
 61 105.914405  12.263523    18.079    18.067  3 54333.61739141 48.844
 63 105.913285  12.263280    17.627    17.778  4 54403.61733482 18.651
 64 105.910296  12.263420    13.624    15.349  3 54438.61729199 18.140
 65 105.914404  12.262876     7.036     7.024  3 54473.61732076 51.996
 66 105.911689  12.264395     6.197     6.211  3 54508.61730345 32.713
 67 105.913969  12.263050     6.060     5.978  3 54543.61733512 47.344
 68 105.912749  12.261832     6.031     6.074  3 54578.61730463 34.070
 69 105.913670  12.263859     9.075     9.025  3 54613.61732612 40.120
 70 105.911754  12.262698    11.574    11.543  3 54648.61733351 36.883
 71 105.912920  12.264288    17.190    17.123  3 54683.61733296 27.424
 72 105.912513  12.262865    15.820    15.849  4 54718.61727994 44.957
 73 105.912029  12.264006    14.498    14.504  3 54753.61730593 49.287
 74 105.910990  12.263602    16.374    17.492  3 54788.61727148 23.954
 75 105.912682  12.263824     8.319     8.315  3 54823.61730090 29.157
 76 105.912324  12.263657     6.668     6.700  3 54858.61726644 52.459
 77 105.911592  12.264204     6.246     6.142  3 54893.61730281 32.384
 78 105.910292  12.262145     5.888     5.872  3 54928.61726467 37.629
 79 105.911618  12.263271     6.363     6.371  3 54963.61730304 37.481
 80 105.910113  12.263276     9.628     9.624  4 54998.61732345 50.031
 81 105.911916  12.262895    17.048    17.044  4 55033.61731161 41.950
 82 105.913911  12.263259    15.302    15.300  4 55068.61730045 35.939
 83 105.910126  12.262804    19.104    19.187  4 55103.61723938 23.499
 84 105.913130  12.262320    17.589    17.737  3 55138.61724685 18.357
 85 105.911879  12.262727     7.508     7.547  3 55173.61720783 51.243
 86 105.912605  12.262308     6.328     6.325  3 55208.61724200 35.082
 87 105.910976  12.263074     5.816     5.737  4 55243.61721266 42.739
 88 105.912412  12.264413     5.509     5.513  3 55278.61723584 44.287
 89 105.912005  12.263528     5.763     5.748  3 55313.61719951 40.569
 90 105.913326  12.264222     6.474     6.447  3 55348.61720697 47.502
 91 105.911256  12.262785     8.162     8.144  3 55383.61719757 42.138
 92 105.913031  12.263111    19.441    19.464  4 55418.61722550 18.965
 93 105.914089  12.263678    15.710    15.740  3 55453.61720535 46.835
 94 105.915984  12.262354    14.713    14.735  3 55488.61712535 50.747
