# NaN NaN NaN ;Mean Elev.(m), Avg Gradient(m/km), RMS Gradient(m/km) - SRTM1     
#  183.453  -9.027  20.573 ;Mean Elev.(m), Avg Gradient(m/km), RMS Gradient(m/km) - ASTER GDEM
#  187.964  -8.368  21.174 ;Mean Elev.(m), Avg Gradient(m/km), RMS Gradient(m/km) - GMTED2010 
  8 101.942582  18.087336   194.747   194.747  2 52501.14132494 36.937
  9 101.945262  18.088871   192.647   192.638  5 52536.14131133 33.305
 10 101.943937  18.090439   190.425   190.425  2 52571.14134543 34.576
 13 101.944787  18.089321   188.040   188.074  3 52676.14129426 37.598
 14 101.943791  18.086778   188.392   188.082  5 52711.14132022 32.211
 16 101.944663  18.088121   186.666   187.062  4 52781.14128512 36.005
 17 101.943441  18.088334   190.729   190.739  3 52816.14136611 36.747
 18 101.946474  18.090463   191.865   191.846  4 52851.14141704 34.028
 19 101.939510  18.084480   192.831   192.831  2 52886.14145300 35.495
 20 101.942836  18.087441   191.484   191.521  3 52921.14140805 29.759
 21 101.954220  18.099896   190.767   190.942  6 52956.14137004 38.260
 23 101.956704  18.108197   184.791   184.791  2 53026.14135126 35.187
 24 101.956359  18.104808   185.235   185.745  3 53061.14136198 29.327
 25 101.932903  18.072815   188.595   188.502  7 53096.14139746 35.572
 26 101.956316  18.102083   198.545   201.446  5 53131.14136366 30.172
 28 101.943470  18.086215   193.610   193.607  5 53201.14144244 36.731
 29 101.952960  18.096686   197.253   198.012  5 53236.14140964 36.496
 30 101.951022  18.098925   252.985   252.985  2 53271.14136903  5.431
 31 101.937671  18.083039   191.633   191.633  2 53306.14143616 29.033
 32 101.942686  18.087480   188.519   188.519  2 53341.14140296 46.789
 33 101.945734  18.088844   189.028   189.072  4 53376.14133275 38.129
 34 101.949535  18.094245   187.448   187.469  4 53411.14137639 34.301
 35 101.942292  18.086902   185.654   185.654  2 53446.14135994 34.542
 37 101.944603  18.088299   187.922   188.058  5 53516.14144813 35.614
 38 101.935808  18.078633   191.514   191.541  4 53551.14147057 38.327
 39 101.946886  18.090359   193.634   193.750  4 53586.14142523 37.023
 40 101.938793  18.081307   193.854   193.985  4 53621.14138829 35.857
 41 101.943907  18.088105   191.771   191.806  4 53656.14141551 33.068
 42 101.940315  18.082351   192.062   192.225  5 53691.14140600 36.291
 43 101.944712  18.088186   189.629   189.384  4 53726.14132857 41.704
 44 101.957099  18.103125   186.239   186.294  4 53761.14127477 35.582
 45 101.947877  18.092144   187.330   186.983  4 53796.14129200 34.773
 47 101.942318  18.085091   187.360   187.207  4 53866.14135056 34.436
 49 101.931843  18.077390   192.293   192.293  2 53936.14142069 36.706
 50 101.937667  18.082130   194.675   194.726  3 53971.14138674 38.462
 52 101.949970  18.090089   209.322   209.322  2 54041.14139368 28.598
 53 101.944632  18.089621   189.147   189.058  3 54076.14138829 43.185
 54 101.940230  18.083765   187.514   187.658  3 54111.14133099 33.346
 55 101.945570  18.089471   186.510   186.684  4 54146.14132873 34.688
 56 101.941514  18.086349   186.169   187.230  3 54181.14131740 36.941
 57 101.944223  18.087410   188.285   188.349  5 54216.14133703 34.712
 58 101.943703  18.086323   189.879   189.972  5 54251.14136373 40.639
 59 101.945921  18.089508   190.062   190.069  4 54286.14136955 36.529
 60 101.946466  18.090193   194.041   194.114  5 54321.14136630 34.102
 61 101.943516  18.086033   194.189   194.264  5 54356.14132789 35.628
 62 101.945904  18.089442   192.471   192.459  4 54391.14130728 34.785
 63 101.945400  18.091551   190.250   190.304  3 54426.14127712 38.835
 64 101.947622  18.092122   188.878   189.041  5 54461.14128348 40.762
 65 101.945164  18.088902   187.091   186.821  4 54496.14128438 34.870
 66 101.948564  18.093239   185.766   185.662  5 54531.14129625 36.054
 67 101.942392  18.084873   187.399   187.839  4 54566.14129058 33.529
 69 101.942237  18.083893   191.700   191.410  4 54636.14130555 39.160
 70 101.942775  18.086225   194.446   194.519  5 54671.14130873 37.633
 71 101.945536  18.089509   193.963   194.003  4 54706.14126907 36.243
 72 101.945422  18.087250   193.343   193.162  4 54741.14127280 36.756
 73 101.945769  18.089971   192.869   192.835  5 54776.14125068 33.241
 74 101.946803  18.090571   188.746   189.069  4 54811.14126533 40.582
 75 101.943276  18.085638   188.466   188.551  5 54846.14125098 42.360
 76 101.943927  18.087672   187.203   187.611  4 54881.14126966 36.577
 77 101.939741  18.082971   187.133   187.672  5 54916.14125482 39.711
 78 101.943757  18.087357   188.230   188.706  5 54951.14126222 35.745
 79 101.942330  18.086795   189.583   189.616  4 54986.14128740 40.982
 80 101.946550  18.090685   195.188   195.083  4 55021.14127952 37.427
 81 101.945203  18.088762   193.017   193.024  4 55056.14127669 35.848
 82 101.941738  18.084644   194.336   194.365  5 55091.14123581 31.921
 83 101.945892  18.089532   190.560   190.576  4 55126.14121599 39.388
 85 101.945956  18.089251   186.138   186.592  5 55196.14120638 43.603
 86 101.941441  18.084634   188.894   189.059  5 55231.14120059 38.103
 87 101.945735  18.089159   186.219   186.466  4 55266.14120144 32.688
 88 101.944229  18.088387   185.198   185.280  4 55301.14118050 36.044
 89 101.943918  18.088267   186.182   186.227  3 55336.14117708 32.099
 90 101.945617  18.089643   188.089   188.180  5 55371.14116723 42.769
 91 101.947911  18.092473   192.447   192.710  5 55406.14118526 38.433
 92 101.945316  18.089193   203.811   203.811  2 55441.14118595 38.289
 93 101.943766  18.086875   193.158   193.277  5 55476.14112982 34.417
