-195956.661    71.505     0.00   10.60
-195580.016    73.831     6.18    9.65
-195203.377    75.760     5.12    8.67
-194826.744    74.862    -2.39    8.36
-194450.117    71.196    -9.73    8.23
-194073.496    66.875   -11.48    8.80
-193696.882    62.394   -11.90    8.77
-193320.273    58.099   -11.41    9.21
-192943.671    54.010   -10.86    8.11
-192567.076    51.264    -7.29    6.95
-192190.486    49.651    -4.28    6.79
-191813.902    46.599    -8.10    5.31
-191437.325    43.941    -7.06    4.31
-191060.754    42.676    -3.36    3.68
-190684.189    43.112     1.16    4.60
-190307.631    43.425     0.83    5.04
-189931.078    44.463     2.76    5.27
-189554.532    45.625     3.09    5.51
-189177.992    47.571     5.17    5.79
-188801.458    49.125     4.13    5.42
-188424.930    50.225     2.92    7.13
-188048.408    52.196     5.24    7.49
-187671.893    56.984    12.72    8.52
-187295.383    60.730     9.95    6.92
-186918.880    62.679     5.18    6.03
-186542.383    66.787    10.91    6.57
-186165.893    70.319     9.38    8.48
-185789.408    73.975     9.71    8.19
-185412.929    75.975     5.31    7.21
-185036.457    78.336     6.27    6.68
-184659.991    82.800    11.86    9.02
-184283.531    86.702    10.37   12.32
-183907.077    87.500     2.12   12.42
-183530.629    87.020    -1.28   11.75
-183154.188    88.343     3.52   10.52
-182777.752    91.809     9.21   11.94
-182401.323    98.702    18.31   13.13
-182024.900   102.649    10.49   12.18
-181648.483   110.706    21.41   12.58
-181272.072   118.125    19.71   14.30
-180895.667   123.336    13.84   14.31
-180519.269   125.651     6.15   13.84
-180142.876   118.757   -18.32   18.31
-179766.490   112.111   -17.66   18.47
-179390.110   109.240    -7.63   16.79
-179013.736   109.574     0.89   19.04
-178637.368   111.652     5.52   18.80
-178261.006   123.446    31.34   21.47
-177884.650   136.347    34.28   20.64
-177508.300   142.650    16.75   18.04
-177131.957   144.420     4.70   14.70
-176755.620   138.178   -16.59   18.21
-176379.288   131.150   -18.68   15.70
-176002.963   131.471     0.85   15.57
-175626.644   139.753    22.01   18.65
-175250.331   151.382    30.90   16.22
-174874.024   157.010    14.96   13.61
-174497.723   155.362    -4.38   14.77
-174121.429   154.625    -1.96   16.83
-173745.140   151.275    -8.90   17.94
-173368.858   146.311   -13.19   16.96
-172992.581   151.907    14.87   15.02
-172616.311   153.336     3.80   13.38
-172240.047   153.490     0.41   13.81
-171863.789   152.733    -2.01   15.24
-171487.537   151.347    -3.68   13.41
-171111.291   148.950    -6.37   10.43
-170735.051   147.025    -5.12    8.83
-170358.817   141.914   -13.58   10.79
-169982.589   131.215   -28.44   16.18
-169606.368   121.730   -25.21   18.91
-169230.152   111.125   -28.19   20.57
-168853.942   101.497   -25.59   19.33
-168477.739    91.728   -25.97   15.81
-168101.542    83.651   -21.47   13.44
-167725.350    78.779   -12.95   13.80
-167349.165    73.300   -14.57   13.62
-166972.986    70.931    -6.30   12.84
-166596.813    66.907   -10.70   10.72
-166220.646    63.072   -10.19    9.29
-165844.485    60.151    -7.77    7.09
-165468.330    56.779    -8.97    5.57
-165092.181    54.037    -7.29    2.54
-164716.038    52.900    -3.02    2.36
-164339.901    52.138    -2.03    2.64
-163963.770    50.814    -3.52    2.78
-163587.645    49.215    -4.25    2.76
-163211.527    48.003    -3.22    2.92
-162835.414    46.125    -4.99    3.24
-162459.307    44.343    -4.74    2.99
-162083.207    42.317    -5.39    2.65
-161707.112    40.525    -4.77    2.61
-161331.024    39.446    -2.87    2.23
-160954.941    39.343    -0.27    2.67
-160578.865    39.463     0.32    3.01
-160202.794    39.728     0.70    2.90
-159826.730    39.809     0.22    2.81
-159450.671    38.497    -3.49    3.61
-159074.619    37.300    -3.18    3.68
-158698.572    35.682    -4.30    2.86
-158322.532    35.204    -1.27    2.85
-157946.498    34.706    -1.32    3.10
-157570.469    34.336    -0.99    2.56
-157194.447    35.266     2.47    2.50
-156818.431    35.057    -0.55    2.50
-156442.420    35.503     1.19    2.68
-156066.416    35.163    -0.90    2.60
-155690.417    34.922    -0.64    2.40
-155314.425    34.804    -0.31    2.15
-154938.439    34.993     0.50    1.87
-154562.458    34.975    -0.05    2.21
-154186.484    35.178     0.54    2.52
-153810.516    34.600    -1.54    2.55
-153434.553    33.309    -3.43    3.20
-153058.597    32.825    -1.29    3.35
-152682.646    32.675    -0.40    3.62
-152306.702    32.319    -0.95    3.58
-151930.763    31.841    -1.27    3.25
-151554.831    31.220    -1.65    3.35
-151178.904    31.020    -0.53    3.56
-150802.984    30.984    -0.10    3.31
-150427.069    30.598    -1.03    3.37
-150051.161    31.112     1.37    3.90
-149675.258    30.783    -0.88    4.35
-149299.361    30.571    -0.56    4.55
-148923.471    29.550    -2.72    4.36
-148547.586    28.993    -1.48    3.92
-148171.707    28.475    -1.38    4.05
-147795.834    28.020    -1.21    3.88
-147419.967    27.775    -0.65    3.61
-147044.106    27.922     0.39    3.53
-146668.251    26.698    -3.26    3.91
-146292.402    26.292    -1.08    3.99
-145916.559    26.292     0.00    4.13
-145540.722    26.572     0.75    3.86
-145164.891    27.967     3.71    3.55
-144789.066    28.753     2.09    2.97
-144413.246    28.933     0.48    2.85
-144037.433    27.733    -3.19    4.26
-143661.625    25.868    -4.96    4.55
-143285.824    24.868    -2.66    4.29
-142910.028    25.189     0.85    3.75
-142534.239    24.552    -1.70    3.27
-142158.455    24.625     0.19    2.88
-141782.677    24.200    -1.13    3.00
-141406.905    24.125    -0.20    3.48
-141031.139    24.676     1.47    2.84
-140655.379    24.984     0.82    2.79
-140279.625    24.875    -0.29    2.79
-139903.877    24.967     0.25    2.53
-139528.135    24.779    -0.50    2.27
-139152.398    25.050     0.72    2.44
-138776.668    25.003    -0.12    1.99
-138400.943    24.675    -0.87    1.99
-138025.225    24.676     0.00    2.16
-137649.512    24.247    -1.14    2.14
-137273.805    23.868    -1.01    2.17
-136898.104    23.986     0.31    1.84
-136522.409    24.425     1.17    2.07
-136146.720    24.250    -0.47    2.51
-135771.037    24.336     0.23    3.07
-135395.359    24.548     0.57    3.39
-135019.688    24.247    -0.80    3.75
-134644.022    23.651    -1.59    3.41
-134268.362    22.730    -2.45    3.69
-133892.708    21.035    -4.51    2.89
-133517.060    21.317     0.75    3.50
-133141.418    21.112    -0.55    3.52
-132765.782    21.430     0.85    2.99
-132390.152    21.652     0.59    2.77
-132014.527    20.676    -2.60    2.10
-131638.909    20.914     0.63    2.24
-131263.296    20.804    -0.29    2.42
-130887.689    21.599     2.12    4.10
-130512.088    22.478     2.34    4.74
-130136.493    24.779     6.13    4.25
-129760.904    28.163     9.01    4.78
-129385.321    33.020    12.93   13.59
-129009.743    67.625    92.14   75.11
-128634.171   113.111   121.12  104.45
-128258.605   126.210    34.88  104.56
-127883.045   129.599     9.02  105.94
-127507.491    96.010   -89.45   85.71
-127131.943    71.800   -64.47   51.97
-126756.401    85.240    35.79   70.71
-126380.864   109.035    63.37   84.39
-126005.333   119.875    28.87   87.07
-125629.808    94.163   -68.47   83.10
-125254.289    56.704   -99.76   64.23
-124878.776    33.061   -62.97   35.44
-124503.269    20.825   -32.59    3.57
-124127.767    20.968     0.38    3.92
-123752.271    21.760     2.11    4.09
-123376.781    23.166     3.74    3.52
-123001.181    22.520    -1.72    3.28
-122624.536    21.425    -2.91    3.98
-122247.897    19.708    -4.56    4.87
-121871.264    16.552    -8.38    4.56
-121494.637    14.497    -5.46    4.20
-121118.015    12.679    -4.83    3.37
-120741.400    11.984    -1.85    2.41
-120364.790    12.189     0.54    2.49
-119988.186    12.225     0.10    2.25
-119611.588    12.204    -0.06    2.82
-119234.996    12.225     0.06    3.26
-118858.409    12.283     0.15    3.33
-118481.829    13.800     4.03    3.76
-118105.254    15.025     3.25    2.84
-117728.685    15.069     0.12    2.17
-117352.122    15.625     1.48    3.73
-116975.565    15.436    -0.50    3.79
-116599.014    15.336    -0.27    3.76
-116222.468    15.035    -0.80    3.60
-115845.929    13.968    -2.83    3.12
-115469.395    12.420    -4.11    4.14
-115092.867    10.625    -4.77    4.43
-114716.345     8.949    -4.45    4.67
-114339.828     8.087    -2.29    5.13
-113963.318     8.328     0.64    5.13
-113586.813     8.292    -0.10    5.09
-113210.314     7.343    -2.52    5.23
-112833.821     6.138    -3.20    4.51
-112457.333     3.841    -6.10    3.79
-112080.852     3.625    -0.57    4.03
-111704.376     5.292     4.43    4.97
-111327.906     6.014     1.92    4.95
-110951.442     5.830    -0.49    4.89
-110574.984     3.571    -6.00    4.70
-110198.531     1.394    -5.78    3.38
-109822.084     0.369    -2.72    2.38
-109445.643    -0.261    -1.67    1.43
-109069.208    -0.059     0.54    1.45
-108692.779     0.436     1.32    2.21
-108316.355     2.020     4.21    3.69
-107939.938     4.050     5.39    4.33
-107563.526     6.382     6.19    3.96
-107187.119     7.357     2.59    3.58
-106810.719     7.446     0.24    3.37
-106434.324     7.704     0.69    3.02
-106057.935     7.625    -0.21    2.44
-105681.552     7.572    -0.14    2.38
-105305.175     6.225    -3.58    3.19
-104928.803     5.446    -2.07    3.36
-104552.437     4.446    -2.66    2.90
-104176.077     4.651     0.55    2.61
-103799.723     5.075     1.13    2.24
-103423.374     5.400     0.86    2.49
-103047.032     4.875    -1.40    2.44
-102670.695     4.111    -2.03    2.60
-102294.363     2.895    -3.23    2.66
-101918.038     3.020     0.33    2.78
-101541.718     3.702     1.81    2.99
-101165.404     5.425     4.58    3.14
-100789.096     6.950     4.05    3.05
-100412.793     7.336     1.02    3.12
-100036.496     7.783     1.19    3.01
 -99660.205     7.728    -0.15    2.84
 -99283.920     7.336    -1.04    2.70
 -98907.640     6.522    -2.16    2.65
 -98531.367     5.625    -2.39    2.88
 -98155.098     5.150    -1.26    2.75
 -97778.836     3.862    -3.42    2.61
 -97402.579     3.189    -1.79    2.29
 -97026.329     2.958    -0.61    2.00
 -96650.083     2.792    -0.44    1.73
 -96273.844     3.804     2.69    1.88
 -95897.610     4.072     0.71    2.21
 -95521.382     4.099     0.07    2.40
 -95145.160     4.163     0.17    2.33
 -94768.943     3.454    -1.89    2.20
 -94392.732     3.362    -0.24    1.80
 -94016.527     3.625     0.70    1.86
 -93640.328     3.362    -0.70    2.04
 -93264.134     3.000    -0.96    1.96
 -92887.946     2.760    -0.64    1.75
 -92511.763     2.820     0.16    2.08
 -92135.587     3.369     1.46    2.01
 -91759.416     4.061     1.84    1.87
 -91383.251     3.967    -0.25    1.91
 -91007.091     4.240     0.73    1.79
 -90630.937     4.497     0.68    2.05
 -90254.789     4.976     1.27    1.98
 -89878.646     4.753    -0.59    2.10
 -89502.510     4.355    -1.06    1.94
 -89126.378     3.925    -1.14    1.56
 -88750.253     3.800    -0.33    1.68
 -88374.133     4.069     0.72    1.86
 -87998.019     4.652     1.55    2.14
 -87621.911     4.976     0.86    1.98
 -87245.808     4.704    -0.72    2.06
 -86869.711     4.750     0.12    1.90
 -86493.620     4.544    -0.55    1.71
 -86117.534     4.950     1.08    1.56
 -85741.454     5.317     0.98    1.42
 -85365.380     4.895    -1.12    1.56
 -84989.311     5.010     0.30    1.62
 -84613.248     4.984    -0.07    1.53
 -84237.190     5.343     0.95    1.76
 -83861.139     5.704     0.96    1.89
 -83485.093     5.950     0.65    2.19
 -83109.052     5.467    -1.28    1.81
 -82733.017     5.113    -0.94    1.72
 -82356.988     4.676    -1.16    1.49
 -81980.965     4.292    -1.02    1.22
 -81604.947     4.571     0.74    1.29
 -81228.935     4.436    -0.36    1.35
 -80852.928     4.138    -0.79    1.35
 -80476.927     4.369     0.61    1.62
 -80100.932     4.301    -0.18    1.56
 -79724.942     4.343     0.11    1.59
 -79348.958     4.046    -0.79    1.59
 -78972.980     3.679    -0.98    1.49
 -78597.007     2.600    -2.87    2.30
 -78221.040     1.868    -1.95    2.80
 -77845.079     2.010     0.38    2.81
 -77469.123     2.099     0.24    2.82
 -77093.173     2.830     1.95    2.55
 -76717.228     3.490     1.75    1.95
 -76341.289     3.400    -0.24    1.70
 -75965.356     3.414     0.04    1.58
 -75589.428     3.490     0.20    1.34
 -75213.506     3.651     0.43    1.33
 -74837.589     3.895     0.65    1.57
 -74461.678     3.958     0.17    1.47
 -74085.773     3.548    -1.09    1.75
 -73709.873     3.193    -0.95    1.32
 -73333.979     3.030    -0.43    1.57
 -72958.090     2.787    -0.65    1.59
 -72582.208     3.010     0.59    1.87
 -72206.330     2.771    -0.63    1.96
 -71830.458     2.436    -0.89    1.98
 -71454.592     2.575     0.37    1.80
 -71078.732     2.441    -0.36    1.37
 -70702.877     2.471     0.08    1.46
 -70327.027     2.856     1.02    1.53
 -69951.184     2.575    -0.75    1.57
 -69575.345     2.283    -0.78    1.91
 -69199.513     2.061    -0.59    1.76
 -68823.686     1.850    -0.56    1.64
 -68447.864     1.571    -0.74    1.27
 -68072.048     1.850     0.74    1.62
 -67696.238     1.676    -0.46    1.73
 -67320.433     1.625    -0.14    1.55
 -66944.634     1.571    -0.14    1.47
 -66568.840     1.486    -0.23    1.29
 -66193.052     1.425    -0.16    1.34
 -65817.270     1.425     0.00    1.32
 -65441.493     1.493     0.18    1.47
 -65065.722     1.800     0.82    1.48
 -64689.956     1.625    -0.47    1.51
 -64314.196     1.700     0.20    1.69
 -63938.441     1.779     0.21    1.74
 -63562.692     1.497    -0.75    1.73
 -63186.948     1.309    -0.50    1.76
 -62811.210     1.112    -0.52    1.48
 -62435.478     0.966    -0.39    1.37
 -62059.751     1.042     0.20    1.42
 -61684.029     0.750    -0.78    1.30
 -61308.313     0.599    -0.40    1.37
 -60932.603     0.706     0.29    1.46
 -60556.898     0.467    -0.64    1.17
 -60181.199     0.539     0.19    1.17
 -59805.505     0.394    -0.39    1.20
 -59429.817     0.292    -0.27    1.08
 -59054.134     0.139    -0.41    1.07
 -58678.457     0.317     0.48    1.17
 -58302.785     0.653     0.89    1.16
 -57927.119     0.702     0.13    1.38
 -57551.459     0.574    -0.34    1.43
 -57175.804     0.215    -0.96    1.46
 -56800.154     0.240     0.07    1.43
 -56424.510     0.138    -0.27    1.48
 -56048.872     0.200     0.17    1.45
 -55673.238     0.220     0.05    1.42
 -55297.611    -0.016    -0.63    1.29
 -54921.989     0.166     0.48    1.30
 -54546.372     0.369     0.54    1.39
 -54170.761     0.522     0.41    1.39
 -53795.156     0.243    -0.74    1.33
 -53419.556     0.189    -0.14    1.43
 -53043.961     0.010    -0.48    1.52
 -52668.372    -0.428    -1.16    1.27
 -52292.789    -0.272     0.41    1.27
 -51917.211    -0.024     0.66    1.38
 -51541.638     0.186     0.56    1.52
 -51166.071     0.574     1.03    1.30
 -50790.510     0.394    -0.48    1.46
 -50414.954     0.757     0.96    1.55
 -50039.403     0.651    -0.28    1.55
 -49663.858     0.702     0.13    1.49
 -49288.318     0.708     0.02    1.68
 -48912.784     0.779     0.19    1.69
 -48537.255     0.976     0.53    2.03
 -48161.732     0.725    -0.67    2.13
 -47785.792    -0.200    -2.46    2.60
 -47409.185    -0.461    -0.69    2.78
 -47032.583    -0.780    -0.85    2.40
 -46655.986    -0.834    -0.14    2.52
 -46279.395    -0.375     1.22    2.03
 -45902.810    -0.375     0.00    2.08
 -45526.230    -0.681    -0.81    1.98
 -45149.656    -0.741    -0.16    1.91
 -44773.087    -0.324     1.11    1.64
 -44396.523    -0.132     0.51    1.61
 -44019.965    -0.144    -0.03    1.72
 -43643.413    -0.217    -0.19    1.92
 -43266.866    -0.170     0.13    1.82
 -42890.324    -0.478    -0.82    2.47
 -42513.788    -0.275     0.54    2.45
 -42137.257     0.072     0.92    2.32
 -41760.732     0.325     0.67    1.64
 -41384.213     1.000     1.79    1.85
 -41007.698     1.292     0.77    1.74
 -40631.190     1.625     0.89    1.70
 -40254.686     1.949     0.86    1.38
 -39878.189     2.020     0.19    1.35
 -39501.696     2.087     0.18    1.43
 -39125.209     2.139     0.14    1.67
 -38748.728     2.150     0.03    1.69
 -38372.252     2.099    -0.14    1.97
 -37995.781     2.057    -0.11    1.76
 -37619.316     2.343     0.76    1.89
 -37242.857     2.733     1.04    2.01
 -36866.403     3.112     1.01    2.01
 -36489.954     3.138     0.07    2.10
 -36113.511     3.292     0.41    2.06
 -35737.073     3.099    -0.51    1.66
 -35360.640     2.933    -0.44    1.44
 -34984.213     2.599    -0.89    1.69
 -34607.792     2.236    -0.97    1.54
 -34231.376     1.881    -0.94    1.67
 -33854.965     1.814    -0.18    1.68
 -33478.560     1.651    -0.43    1.56
 -33102.160     1.522    -0.34    1.65
 -32725.766     1.684     0.43    1.56
 -32349.377     1.678    -0.02    1.52
 -31972.993     1.599    -0.21    1.53
 -31596.615     1.783     0.49    1.42
 -31220.242     1.651    -0.35    1.33
 -30843.875     1.760     0.29    1.49
 -30467.513     1.674    -0.23    1.67
 -30091.157     1.856     0.48    1.61
 -29714.806     1.862     0.02    1.76
 -29338.460     1.856    -0.02    1.72
 -28962.120     2.151     0.79    1.70
 -28585.785     2.522     0.99    1.98
 -28209.455     2.704     0.48    1.78
 -27833.131     2.522    -0.48    1.70
 -27456.813     2.544     0.06    1.80
 -27080.499     2.779     0.62    2.05
 -26704.192     3.150     0.99    2.33
 -26327.889     3.319     0.45    2.44
 -25951.592     3.544     0.60    2.25
 -25575.300     2.976    -1.51    2.11
 -25199.014     3.625     1.72    1.75
 -24822.733     3.420    -0.55    1.84
 -24446.458     2.939    -1.28    1.75
 -24070.187     2.675    -0.70    1.71
 -23693.923     2.266    -1.09    1.44
 -23317.663     2.436     0.45    1.56
 -22941.409     2.497     0.16    1.51
 -22565.161     2.520     0.06    1.50
 -22188.917     2.394    -0.33    1.63
 -21812.679     2.292    -0.27    1.59
 -21436.447     2.446     0.41    1.82
 -21060.220     2.783     0.90    1.69
 -20683.998     2.446    -0.90    1.50
 -20307.781     2.550     0.28    1.19
 -19931.570     2.236    -0.83    0.99
 -19555.365     2.193    -0.12    1.17
 -19179.164     2.020    -0.46    1.35
 -18802.969     1.783    -0.63    1.33
 -18426.780     1.779    -0.01    1.23
 -18050.595     1.939     0.43    1.11
 -17674.416     2.225     0.76    1.39
 -17298.243     2.546     0.85    1.40
 -16922.074     2.247    -0.80    1.34
 -16545.911     1.728    -1.38    1.35
 -16169.754     1.193    -1.42    1.12
 -15793.601     1.087    -0.28    1.07
 -15417.455     0.933    -0.41    1.06
 -15041.313     1.163     0.61    1.05
 -14665.177     1.072    -0.24    1.18
 -14289.046     0.933    -0.37    1.13
 -13912.920     0.750    -0.49    1.09
 -13536.800     0.903     0.41    1.32
 -13160.685     0.907     0.01    1.43
 -12784.575     0.976     0.18    1.72
 -12408.471     1.125     0.40    1.69
 -12032.372     1.215     0.24    1.77
 -11656.278     1.890     1.79    2.11
 -11280.190     1.914     0.07    2.18
 -10904.107     2.625     1.89    2.45
 -10528.029     3.178     1.47    2.48
 -10151.956     3.702     1.39    2.79
  -9775.889     4.544     2.24    2.43
  -9399.828     4.674     0.35    2.60
  -9023.771     4.369    -0.81    2.79
  -8647.720     4.240    -0.34    2.81
  -8271.674     3.783    -1.22    2.69
  -7895.633     3.809     0.07    2.17
  -7519.598     3.574    -0.63    2.13
  -7143.568     3.819     0.65    2.01
  -6767.543     3.420    -1.06    1.94
  -6391.524     3.760     0.90    2.29
  -6015.509     4.317     1.48    2.74
  -5639.501     4.700     1.02    2.99
  -5263.497     4.854     0.41    2.88
  -4887.499     4.922     0.18    3.10
  -4511.506     4.436    -1.29    2.90
  -4135.518     3.914    -1.39    2.78
  -3759.535     3.600    -0.84    2.56
  -3383.558     3.247    -0.94    2.16
  -3007.586     2.942    -0.81    1.95
  -2631.619     2.907    -0.09    1.59
  -2255.658     2.949     0.11    1.75
  -1879.702     2.804    -0.39    2.06
  -1503.751     2.881     0.20    2.12
  -1127.805     2.830    -0.14    2.12
   -751.865     2.178    -1.74    1.91
   -375.930     1.275    -2.40    1.93
      0.000     1.046    -0.61    2.02
    375.925     1.479     1.15    2.19
    751.844     1.875     1.05    1.98
   1127.758     2.653     2.07    1.66
   1503.667     3.057     1.08    1.69
   1879.570     2.625    -1.15    1.96
   2255.469     2.240    -1.02    2.16
   2631.362     1.984    -0.68    2.21
   3007.250     1.679    -0.81    2.07
   3383.132     1.292    -1.03    1.96
   3759.010     1.099    -0.51    1.89
   4134.882     0.976    -0.33    1.89
   4510.749     0.525    -1.20    1.77
   4886.611     0.497    -0.08    1.75
   5262.467     0.394    -0.27    1.77
   5638.318     0.414     0.05    1.73
   6014.164     0.100    -0.84    1.66
   6390.005    -0.186    -0.76    1.35
   6765.841    -0.326    -0.37    1.38
   7141.671    -0.452    -0.33    1.29
   7517.496    -0.456    -0.01    1.19
   7893.316    -0.456     0.00    1.42
   8269.131    -0.564    -0.29    1.47
   8644.940    -0.734    -0.45    1.35
   9020.744    -0.760    -0.07    1.09
   9396.544    -0.699     0.16    1.08
   9772.337    -0.796    -0.26    0.79
  10148.126    -0.537     0.69    1.32
  10523.910    -0.638    -0.27    1.41
  10899.688    -0.825    -0.50    1.41
  11275.461    -0.834    -0.03    1.59
  11651.229    -0.965    -0.35    1.04
  12026.991    -1.138    -0.46    0.94
  12402.749    -1.221    -0.22    0.87
  12778.501    -1.240    -0.05    0.63
  13154.248    -1.225     0.04    0.77
  13529.990    -1.105     0.32    0.73
  13905.727    -0.780     0.86    1.44
  14281.458    -0.631     0.40    1.57
  14657.185    -0.792    -0.43    1.20
  15032.906    -1.093    -0.80    0.92
  15408.622    -0.580     1.36    1.34
  15784.333    -0.480     0.27    1.35
  16160.038    -0.051     1.14    1.38
  16535.739     0.181     0.62    1.42
  16911.434     0.138    -0.11    1.62
  17287.124    -0.009    -0.39    1.84
  17662.809    -0.051    -0.11    1.90
  18038.489    -0.050     0.00    1.46
  18414.164     0.020     0.19    1.20
  18789.833    -0.093    -0.30    1.07
  19165.498    -0.119    -0.07    1.04
  19541.157    -0.170    -0.14    1.06
  19916.811    -0.112     0.15    1.08
  20292.460    -0.296    -0.49    1.19
  20668.103    -0.144     0.40    1.22
  21043.742     0.097     0.64    1.36
  21419.375    -0.349    -1.19    1.29
  21795.004    -0.191     0.42    1.56
  22170.627    -0.402    -0.56    1.57
  22546.245     0.084     1.30    1.89
  22921.858     0.181     0.26    1.87
  23297.465    -0.125    -0.81    1.77
  23673.068    -0.275    -0.40    1.79
  24048.665    -0.743    -1.25    1.24
  24424.258    -0.734     0.03    1.22
  24799.845    -0.785    -0.14    1.12
  25175.427    -0.760     0.07    1.11
  25551.004    -0.191     1.51    1.74
  25926.576     0.343     1.42    1.97
  26302.142     0.706     0.97    2.11
  26677.704     0.830     0.33    1.98
  27053.260     0.325    -1.35    1.70
  27429.507    -0.264    -1.57    1.30
  27806.082    -0.186     0.21    1.24
  28182.651     0.544     1.94    1.44
  28559.215     1.111     1.51    1.52
  28935.775     1.111     0.00    1.89
  29312.329     1.236     0.33    2.27
  29688.878     1.075    -0.43    2.24
  30065.422     0.856    -0.58    2.15
  30441.960     0.976     0.32    2.16
  30818.494     0.420    -1.48    2.15
  31195.022    -0.296    -1.90    1.78
  31571.546    -1.067    -2.05    1.03
  31948.064    -1.375    -0.82    0.00
  32324.577    -1.144     0.61    0.78
  32701.085    -1.007     0.37    1.02
  33077.588    -0.606     1.06    1.29
  33454.085     0.162     2.04    2.17
  33830.578     0.382     0.58    2.01
  34207.066     0.779     1.05    2.37
  34583.548     0.967     0.50    2.47
  34960.025     1.336     0.98    2.40
  35336.497     1.072    -0.70    2.52
  35712.964     0.768    -0.81    2.38
  36089.426     0.702    -0.18    2.57
  36465.883     0.702     0.00    2.40
  36842.335     0.706     0.01    2.43
  37218.782     1.061     0.94    2.38
  37595.223     0.264    -2.12    1.87
  37971.660     0.010    -0.68    1.70
  38348.091     0.266     0.68    2.33
  38724.518     1.057     2.10    2.82
  39100.939     0.779    -0.74    2.92
  39477.355     1.394     1.63    2.80
  39853.766     1.292    -0.27    2.30
  40230.172     1.111    -0.48    1.88
  40606.573     1.420     0.82    2.03
  40982.969     1.733     0.83    2.26
  41359.360     1.704    -0.08    2.59
  41735.745     2.317     1.63    2.60
  42112.126     2.596     0.74    2.66
  42488.501     2.625     0.08    2.34
  42864.872     2.178    -1.19    2.46
  43241.237     1.678    -1.33    2.25
  43617.598     2.057     1.01    2.33
  43993.953     1.847    -0.56    2.28
  44370.303     1.497    -0.93    2.36
  44746.648     1.674     0.47    2.58
  45122.988     1.441    -0.62    2.46
  45499.323     1.525     0.22    2.42
  45875.653     0.958    -1.51    2.19
  46251.978     0.753    -0.55    1.76
  46628.298     0.753     0.00    1.82
  47004.613     0.625    -0.34    2.08
  47380.923     0.493    -0.35    2.62
  47757.228     0.467    -0.07    2.60
  48133.528     0.471     0.01    2.54
  48509.822     0.625     0.41    2.70
  48886.112     0.420    -0.55    2.45
  49262.397     0.274    -0.39    2.97
  49638.676     0.598     0.86    2.92
  50014.951     0.787     0.50    3.09
  50391.220     0.181    -1.61    3.26
  50767.485     0.100    -0.21    3.15
  51143.744    -0.150    -0.66    2.90
  51519.999    -0.033     0.31    2.35
  51896.248     0.600     1.68    2.29
  52272.493     0.520    -0.21    2.29
  52648.732     0.599     0.21    2.33
  53024.966    -0.016    -1.64    2.32
  53401.196    -0.298    -0.75    2.32
  53777.420     0.463     2.02    2.47
  54153.639     0.753     0.77    2.31
  54529.854     0.975     0.59    2.26
  54906.063     1.274     0.79    2.25
  55282.268     0.700    -1.52    2.29
  55658.467     0.467    -0.62    2.32
  56034.661     0.490     0.06    2.12
  56410.851     0.274    -0.57    1.96
  56787.035     0.111    -0.43    1.69
  57163.214     0.225     0.30    1.61
  57539.389     0.350     0.33    1.41
  57915.558     0.139    -0.56    1.74
  58291.722     0.702     1.50    1.97
  58667.882     1.431     1.94    1.89
  59044.036     1.343    -0.23    1.93
  59420.186     1.343     0.00    1.86
  59796.330     1.151    -0.51    2.32
  60172.469     1.112    -0.10    2.27
  60548.604     1.035    -0.20    2.31
  60924.733     1.162     0.34    2.19
  61300.858     0.814    -0.92    1.90
  61676.978     0.750    -0.17    1.81
  62053.092     0.309    -1.17    1.71
  62429.202     0.704     1.05    2.05
  62805.306     0.841     0.36    1.93
  63181.406     0.996     0.41    1.91
  63557.501     1.215     0.58    2.00
  63933.591     0.836    -1.01    2.04
  64309.675     1.166     0.88    2.70
  64685.755     1.138    -0.07    2.87
  65061.830     1.764     1.66    2.81
  65437.900     1.678    -0.23    2.72
  65813.965     1.475    -0.54    2.36
  66190.025     0.976    -1.33    1.86
  66566.080     0.446    -1.41    1.89
  66942.131     0.420    -0.07    1.87
  67318.176     1.087     1.77    2.53
  67694.216     1.230     0.38    2.48
  68070.251     1.138    -0.25    2.28
  68446.282     1.193     0.15    2.21
  68822.307     1.020    -0.46    2.42
  69198.328     0.704    -0.84    1.95
  69574.343     0.156    -1.46    1.54
  69950.354     0.163     0.02    1.89
  70326.360     0.572     1.09    2.59
  70702.361     0.651     0.21    2.61
  71078.357     0.301    -0.93    2.70
  71454.348     0.569     0.71    2.48
  71830.334     0.958     1.03    2.29
  72206.315     1.420     1.23    2.14
  72582.291     1.836     1.11    1.96
  72958.262     1.600    -0.63    1.86
  73334.229     1.010    -1.57    1.60
  73710.190     1.061     0.14    1.70
  74086.147     1.084     0.06    1.77
  74462.098     0.933    -0.40    2.02
  74838.045     0.922    -0.03    1.96
  75213.987     0.757    -0.44    1.71
  75589.924     0.475    -0.75    1.69
  75965.856     0.425    -0.13    1.57
  76341.783     0.471     0.12    1.74
  76717.706     0.517     0.12    2.00
  77093.623     0.193    -0.86    2.03
  77469.535     0.571     1.01    2.09
  77845.443     1.125     1.47    1.99
  78221.346     0.775    -0.93    2.39
  78597.244     0.700    -0.20    2.19
  78973.137     0.651    -0.13    1.95
  79349.025     1.574     2.45    2.13
  79724.908     2.471     2.39    2.08
  80100.786     2.907     1.16    1.88
  80476.660     3.414     1.35    1.96
  80852.528     3.189    -0.60    2.02
  81228.392     3.355     0.44    2.16
  81604.251     3.125    -0.61    2.44
  81980.104     3.175     0.13    2.31
  82355.954     2.796    -1.01    2.48
  82731.798     2.230    -1.51    1.99
  83107.637     2.382     0.40    2.24
  83483.472     1.706    -1.80    2.10
  83859.301     1.706     0.00    2.05
  84235.126     1.236    -1.25    1.92
  84610.946     1.100    -0.36    1.83
  84986.761     0.984    -0.31    1.95
  85362.571     0.571    -1.10    1.75
  85738.377     0.420    -0.40    1.84
  86114.177     0.046    -0.99    1.78
  86489.973     0.087     0.11    1.97
  86865.763     0.046    -0.11    1.78
  87241.549     0.112     0.18    1.80
  87617.331     0.204     0.24    1.88
  87993.107     0.369     0.44    2.01
  88368.878     0.550     0.48    1.99
  88744.645     0.458    -0.24    1.86
  89120.407     0.193    -0.71    1.74
  89496.164     0.274     0.22    1.69
  89871.916    -0.321    -1.58    1.60
  90247.663    -0.196     0.33    2.00
  90623.406    -0.575    -1.01    1.71
  90999.143    -0.150     1.13    1.80
  91374.876    -0.191    -0.11    1.72
  91750.604    -0.132     0.16    1.59
  92126.327     0.292     1.13    2.14
  92502.046     0.467     0.47    2.05
  92877.759     0.676     0.56    2.11
  93253.468     0.292    -1.02    1.83
  93629.172     0.200    -0.24    1.77
  94004.871     0.362     0.43    1.87
  94380.565     0.317    -0.12    1.76
  94756.255     0.369     0.14    1.73
  95131.940     0.208    -0.43    1.63
  95507.620     0.706     1.32    2.13
  95883.295     0.757     0.13    2.03
  96258.965     0.967     0.56    2.15
  96634.631     1.035     0.18    2.16
  97010.291     0.743    -0.78    2.29
  97385.947     0.779     0.10    1.98
  97761.598     0.757    -0.06    1.77
  98137.245     0.841     0.23    1.97
  98512.886     0.881     0.11    1.89
  98888.523     0.914     0.09    2.29
  99264.155     0.856    -0.16    2.25
  99639.782     0.599    -0.68    2.25
 100015.405     0.497    -0.27    1.79
 100391.023     0.760     0.70    1.72
 100766.635     0.500    -0.69    1.42
 101142.244     0.215    -0.76    1.65
 101517.847    -0.153    -0.98    1.55
 101893.446    -0.033     0.32    1.71
 102269.039     0.328     0.96    1.78
 102645.551     0.522     0.52    1.60
 103022.085     0.958     1.16    1.75
 103398.613     0.928    -0.08    1.70
 103775.137     0.414    -1.36    2.03
 104151.656     0.814     1.06    2.33
 104528.170     0.787    -0.07    2.29
 104904.680     0.825     0.10    2.26
 105281.184     0.809    -0.04    1.92
 105657.684     0.300    -1.35    1.56
 106034.179    -0.067    -0.98    2.02
 106410.669     0.266     0.89    2.30
 106787.155     0.247    -0.05    2.24
 107163.636     0.425     0.47    2.14
 107540.112     0.292    -0.35    1.85
 107916.583     0.181    -0.30    2.37
 108293.049     0.112    -0.18    2.37
 108669.511     0.193     0.21    2.61
 109045.968    -0.093    -0.76    2.43
 109422.420     0.266     0.95    2.60
 109798.868     0.425     0.42    2.76
 110175.310     0.706     0.75    2.63
 110551.748     0.949     0.65    2.65
 110928.182     1.467     1.38    2.50
 111304.610     1.240    -0.60    2.16
 111681.034     1.057    -0.49    2.18
 112057.453     0.942    -0.31    1.94
 112433.867     0.497    -1.18    1.78
 112810.276     0.414    -0.22    1.80
 113186.681     0.728     0.83    1.83
 113563.081     0.572    -0.41    1.71
 113939.476     0.471    -0.27    1.68
 114315.867     0.230    -0.64    1.53
 114692.253     0.215    -0.04    1.62
 115068.634    -0.024    -0.63    1.60
 115445.010     0.010     0.09    1.57
 115821.382    -0.075    -0.22    1.74
 116197.749    -0.431    -0.94    1.82
 116574.111    -0.483    -0.14    1.82
 116950.468    -0.294     0.50    1.89
 117326.821    -0.510    -0.57    1.34
 117703.169    -0.240     0.72    1.42
 118079.512    -0.089     0.40    1.47
 118455.851    -0.075     0.04    1.51
 118832.185     0.317     1.04    1.88
 119208.514     0.247    -0.19    1.89
 119584.839    -0.042    -0.77    1.59
 119961.158    -0.086    -0.12    1.31
 120337.473    -0.400    -0.84    1.19
 120713.784    -0.559    -0.42    1.14
 121090.090    -0.683    -0.33    1.13
 121466.391    -0.861    -0.48    0.96
 121842.687    -0.426     1.16    1.19
 122218.978    -0.375     0.14    1.15
 122595.265    -0.208     0.44    1.16
 122971.548    -0.132     0.20    1.34
 123347.825    -0.348    -0.57    1.26
 123724.098    -0.213     0.36    1.30
 124100.366     0.057     0.72    1.69
 124476.630     0.139     0.22    1.67
 124852.888     0.150     0.03    1.20
 125229.143     0.520     0.98    1.39
 125605.392     0.895     1.00    1.54
 125981.637     1.266     0.99    1.74
 126357.877     1.046    -0.58    2.14
 126734.112     0.676    -0.98    2.27
 127110.343    -0.067    -1.98    2.17
 127486.569    -1.093    -2.73    0.83
 127862.791    -1.349    -0.68    0.16
 128239.007    -1.375    -0.07    0.00
 128615.220    -1.375     0.00    0.00
 128991.427    -1.375     0.00    0.00
 129367.630    -1.375     0.00    0.00
 129743.828    -1.375     0.00    0.00
 130120.021    -1.375     0.00    0.00
 130496.210    -1.375     0.00    0.00
 130872.394    -1.375     0.00    0.00
 131248.574    -1.375     0.00    0.00
 131624.749    -1.375     0.00    0.00
 132000.919    -1.375     0.00    0.00
 132377.085    -1.375     0.00    0.00
 132753.246    -1.375     0.00    0.00
 133129.402    -1.375     0.00    0.00
 133505.554    -1.375     0.00    0.00
 133881.701    -1.375     0.00    0.00
 134257.843    -1.375     0.00    0.00
 134633.981    -1.375     0.00    0.00
 135010.114    -1.375     0.00    0.00
 135386.243    -1.375     0.00    0.00
 135762.367    -1.375     0.00    0.00
 136138.486    -1.375     0.00    0.00
 136514.601    -1.375     0.00    0.00
 136890.711    -1.375     0.00    0.00
 137266.816    -1.375     0.00    0.00
 137642.917    -1.375     0.00    0.00
 138019.013    -1.375     0.00    0.00
 138395.105    -1.375     0.00    0.00
 138771.192    -1.375     0.00    0.00
 139147.274    -1.375     0.00    0.00
 139523.352    -1.375     0.00    0.00
 139899.425    -1.375     0.00    0.00
 140275.494    -1.375     0.00    0.00
 140651.558    -1.375     0.00    0.00
 141027.617    -1.375     0.00    0.00
 141403.672    -1.375     0.00    0.00
 141779.722    -1.375     0.00    0.00
 142155.768    -1.375     0.00    0.00
 142531.809    -1.375     0.00    0.00
 142907.845    -1.375     0.00    0.00
 143283.877    -1.375     0.00    0.00
 143659.904    -1.375     0.00    0.00
 144035.927    -1.375     0.00    0.00
 144411.945    -1.375     0.00    0.00
 144787.959    -1.375     0.00    0.00
 145163.968    -1.375     0.00    0.00
 145539.972    -1.375     0.00    0.00
 145915.972    -1.375     0.00    0.00
 146291.967    -1.375     0.00    0.00
 146667.958    -1.375     0.00    0.00
 147043.944    -1.375     0.00    0.00
 147419.925    -1.375     0.00    0.00
 147795.902    -1.375     0.00    0.00
 148171.874    -1.375     0.00    0.00
 148547.842    -1.375     0.00    0.00
 148923.805    -1.375     0.00    0.00
 149299.764    -1.375     0.00    0.00
 149675.718    -1.375     0.00    0.00
 150051.668    -1.375     0.00    0.00
 150427.613    -1.375     0.00    0.00
 150803.553    -1.375     0.00    0.00
 151179.489    -1.375     0.00    0.00
 151555.421    -1.375     0.00    0.00
 151931.348    -1.375     0.00    0.00
 152307.270    -1.375     0.00    0.00
 152683.188    -1.375     0.00    0.00
 153059.101    -1.375     0.00    0.00
 153435.010    -1.375     0.00    0.00
 153810.914    -1.375     0.00    0.00
 154186.813    -1.375     0.00    0.00
 154562.708    -1.375     0.00    0.00
 154938.599    -1.375     0.00    0.00
 155314.485    -1.375     0.00    0.00
 155690.367    -1.375     0.00    0.00
 156066.243    -1.375     0.00    0.00
 156442.116    -1.375     0.00    0.00
 156817.984    -1.375     0.00    0.00
 157193.847    -1.375     0.00    0.00
 157569.706    -1.375     0.00    0.00
 157945.561    -1.375     0.00    0.00
 158321.410    -1.375     0.00    0.00
 158697.256    -1.375     0.00    0.00
 159073.097    -1.375     0.00    0.00
 159448.933    -1.375     0.00    0.00
 159824.765    -1.375     0.00    0.00
 160200.592    -1.375     0.00    0.00
 160576.415    -1.375     0.00    0.00
 160952.233    -1.375     0.00    0.00
 161328.047    -1.375     0.00    0.00
 161703.857    -1.375     0.00    0.00
 162079.662    -1.375     0.00    0.00
 162455.462    -1.375     0.00    0.00
 162831.258    -1.375     0.00    0.00
 163207.049    -1.375     0.00    0.00
 163582.836    -1.375     0.00    0.00
 163958.618    -1.375     0.00    0.00
 164334.396    -1.375     0.00    0.00
 164710.170    -1.375     0.00    0.00
 165085.939    -1.375     0.00    0.00
 165461.703    -1.375     0.00    0.00
 165837.463    -1.375     0.00    0.00
 166213.219    -1.375     0.00    0.00
 166588.970    -1.375     0.00    0.00
 166964.717    -1.375     0.00    0.00
 167340.459    -1.375     0.00    0.00
 167716.196    -1.375     0.00    0.00
 168091.930    -1.375     0.00    0.00
 168467.658    -1.375     0.00    0.00
 168843.383    -1.375     0.00    0.00
 169219.102    -1.375     0.00    0.00
 169594.818    -1.375     0.00    0.00
 169970.529    -1.375     0.00    0.00
 170346.235    -1.375     0.00    0.00
 170721.937    -1.375     0.00    0.00
 171097.635    -1.375     0.00    0.00
 171473.328    -1.375     0.00    0.00
 171849.017    -1.375     0.00    0.00
 172224.701    -1.375     0.00    0.00
 172600.381    -1.375     0.00    0.00
 172976.056    -1.375     0.00    0.00
 173351.727    -1.375     0.00    0.00
 173727.393    -1.375     0.00    0.00
 174103.055    -1.375     0.00    0.00
 174478.713    -1.375     0.00    0.00
 174854.366    -1.375     0.00    0.00
 175230.015    -1.375     0.00    0.00
 175605.659    -1.375     0.00    0.00
 175981.299    -1.375     0.00    0.00
 176356.934    -1.375     0.00    0.00
 176732.566    -1.375     0.00    0.00
 177108.192    -1.375     0.00    0.00
 177484.056    -1.375     0.00    0.00
 177860.567    -1.375     0.00    0.00
 178237.073    -1.375     0.00    0.00
 178613.576    -1.375     0.00    0.00
 178990.074    -1.375     0.00    0.00
 179366.567    -1.375     0.00    0.00
 179743.056    -1.375     0.00    0.00
 180119.541    -1.375     0.00    0.00
 180496.021    -1.375     0.00    0.00
 180872.496    -1.375     0.00    0.00
 181248.968    -1.375     0.00    0.00
 181625.434    -1.375     0.00    0.00
 182001.897    -1.375     0.00    0.00
 182378.355    -1.375     0.00    0.00
 182754.809    -1.375     0.00    0.00
 183131.258    -1.375     0.00    0.00
 183507.703    -1.375     0.00    0.00
 183884.143    -1.375     0.00    0.00
 184260.579    -1.375     0.00    0.00
 184637.010    -1.375     0.00    0.00
 185013.438    -1.375     0.00    0.00
 185389.860    -1.375     0.00    0.00
 185766.279    -1.375     0.00    0.00
 186142.693    -1.375     0.00    0.00
 186519.102    -1.375     0.00    0.00
 186895.507    -1.375     0.00    0.00
 187271.908    -1.375     0.00    0.00
 187648.305    -1.375     0.00    0.00
 188024.697    -1.375     0.00    0.00
 188401.084    -1.375     0.00    0.00
 188777.468    -1.375     0.00    0.00
 189153.846    -1.375     0.00    0.00
 189530.221    -1.375     0.00    0.00
 189906.591    -1.375     0.00    0.00
 190282.957    -1.375     0.00    0.00
 190659.318    -1.375     0.00    0.00
 191035.675    -1.375     0.00    0.00
 191412.028    -1.375     0.00    0.00
 191788.376    -1.375     0.00    0.00
 192164.720    -1.375     0.00    0.00
 192541.059    -1.375     0.00    0.00
 192917.394    -1.375     0.00    0.00
 193293.725    -1.375     0.00    0.00
 193670.052    -1.375     0.00    0.00
 194046.374    -1.375     0.00    0.00
 194422.691    -1.375     0.00    0.00
 194799.005    -1.375     0.00    0.00
 195175.314    -1.375     0.00    0.00
 195551.618    -1.375     0.00    0.00
 195927.919    -1.375     0.00    0.00
 196304.215    -1.375     0.00    0.00
 196680.506    -1.375     0.00    0.00
 197056.793    -1.375     0.00    0.00
 197433.076    -1.375     0.00    0.00
 197809.355    -1.375     0.00    0.00
 198185.629    -1.375     0.00    0.00
 198561.899    -1.375     0.00    0.00
 198938.165    -1.375     0.00    0.00
 199314.426    -1.375     0.00    0.00
 199690.683    -1.375     0.00    0.00
 200066.935    -1.375     0.00    0.00
 200443.184    -1.375     0.00    0.00
 200819.428    -1.375     0.00    0.00
 201195.667    -1.375     0.00    0.00
 201571.902    -1.375     0.00    0.00
 201948.133    -1.375     0.00    0.00
 202324.360    -1.375     0.00    0.00
 202700.582    -1.375     0.00    0.00
 203076.800    -1.375     0.00    0.00
 203453.014    -1.375     0.00    0.00
 203829.224    -1.375     0.00    0.00
 204205.429    -1.375     0.00    0.00
 204581.629    -1.375     0.00    0.00
 204957.826    -1.375     0.00    0.00
 205334.018    -1.375     0.00    0.00
 205710.206    -1.375     0.00    0.00
 206086.390    -1.375     0.00    0.00
 206462.569    -1.375     0.00    0.00
 206838.744    -1.375     0.00    0.00
 207214.914    -1.375     0.00    0.00
 207591.081    -1.375     0.00    0.00
 207967.243    -1.375     0.00    0.00
 208343.401    -1.375     0.00    0.00
 208719.554    -1.375     0.00    0.00
 209095.704    -1.375     0.00    0.00
 209471.849    -1.375     0.00    0.00
 209847.989    -1.375     0.00    0.00
 210224.126    -1.375     0.00    0.00
 210600.258    -1.375     0.00    0.00
 210976.386    -1.375     0.00    0.00
 211352.509    -1.375     0.00    0.00
 211728.629    -1.375     0.00    0.00
 212104.744    -1.375     0.00    0.00
 212480.854    -1.375     0.00    0.00
 212856.961    -1.375     0.00    0.00
 213233.063    -1.375     0.00    0.00
 213609.161    -1.375     0.00    0.00
 213985.255    -1.375     0.00    0.00
 214361.344    -1.375     0.00    0.00
 214737.430    -1.375     0.00    0.00
 215113.511    -1.375     0.00    0.00
 215489.587    -1.375     0.00    0.00
 215865.660    -1.375     0.00    0.00
 216241.728    -1.375     0.00    0.00
 216617.792    -1.375     0.00    0.00
 216993.852    -1.375     0.00    0.00
 217369.907    -1.375     0.00    0.00
 217745.958    -1.375     0.00    0.00
 218122.005    -1.375     0.00    0.00
 218498.048    -1.375     0.00    0.00
 218874.087    -1.375     0.00    0.00
 219250.121    -1.375     0.00    0.00
 219626.151    -1.375     0.00    0.00
 220002.177    -1.375     0.00    0.00
 220378.198    -1.375     0.00    0.00
 220754.216    -1.375     0.00    0.00
 221130.229    -1.375     0.00    0.00
 221506.238    -1.375     0.00    0.00
 221882.242    -1.375     0.00    0.00
 222258.243    -1.375     0.00    0.00
 222634.239    -1.375     0.00    0.00
 223010.231    -1.375     0.00    0.00
 223386.219    -1.375     0.00    0.00
 223762.203    -1.375     0.00    0.00
 224138.182    -1.375     0.00    0.00
 224514.157    -1.375     0.00    0.00
 224890.128    -1.375     0.00    0.00
 225266.095    -1.375     0.00    0.00
 225642.058    -1.375     0.00    0.00
 226018.016    -1.375     0.00    0.00
 226393.970    -1.375     0.00    0.00
 226769.920    -1.375     0.00    0.00
 227145.866    -1.375     0.00    0.00
 227521.808    -1.375     0.00    0.00
 227897.745    -1.375     0.00    0.00
 228273.678    -1.375     0.00    0.00
 228649.607    -1.375     0.00    0.00
 229025.532    -1.375     0.00    0.00
 229401.453    -1.375     0.00    0.00
 229777.369    -1.375     0.00    0.00
 230153.282    -1.375     0.00    0.00
 230529.190    -1.375     0.00    0.00
 230905.094    -1.375     0.00    0.00
 231280.993    -1.375     0.00    0.00
 231656.889    -1.375     0.00    0.00
 232032.780    -1.375     0.00    0.00
 232408.668    -1.375     0.00    0.00
 232784.551    -1.375     0.00    0.00
 233160.430    -1.375     0.00    0.00
 233536.304    -1.375     0.00    0.00
 233912.175    -1.375     0.00    0.00
 234288.041    -1.375     0.00    0.00
 234663.904    -1.375     0.00    0.00
 235039.762    -1.375     0.00    0.00
 235415.616    -1.375     0.00    0.00
 235791.466    -1.375     0.00    0.00
 236167.311    -1.375     0.00    0.00
 236543.153    -1.375     0.00    0.00
 236918.990    -1.375     0.00    0.00
 237294.823    -1.375     0.00    0.00
 237670.652    -1.375     0.00    0.00
 238046.477    -1.375     0.00    0.00
 238422.298    -1.375     0.00    0.00
 238798.115    -1.375     0.00    0.00
 239173.927    -1.375     0.00    0.00
 239549.736    -1.375     0.00    0.00
 239925.540    -1.375     0.00    0.00
 240301.340    -1.375     0.00    0.00
 240677.136    -1.375     0.00    0.00
 241052.928    -1.375     0.00    0.00
 241428.715    -1.375     0.00    0.00
 241804.499    -1.375     0.00    0.00
 242180.279    -1.375     0.00    0.00
 242556.054    -1.375     0.00    0.00
 242931.825    -1.375     0.00    0.00
 243307.592    -1.375     0.00    0.00
 243683.355    -1.375     0.00    0.00
 244059.114    -1.375     0.00    0.00
 244434.869    -1.375     0.00    0.00
 244810.620    -1.375     0.00    0.00
 245186.366    -1.375     0.00    0.00
 245562.109    -1.375     0.00    0.00
 245937.847    -1.375     0.00    0.00
 246313.581    -1.375     0.00    0.00
 246689.311    -1.375     0.00    0.00
 247065.037    -1.375     0.00    0.00
 247440.759    -1.375     0.00    0.00
 247816.477    -1.375     0.00    0.00
 248192.191    -1.375     0.00    0.00
 248567.901    -1.375     0.00    0.00
 248943.606    -1.375     0.00    0.00
 249319.308    -1.375     0.00    0.00
 249695.005    -1.375     0.00    0.00
 250070.699    -1.375     0.00    0.00
 250446.388    -1.375     0.00    0.00
 250822.073    -1.375     0.00    0.00
 251197.754    -1.375     0.00    0.00
 251573.431    -1.375     0.00    0.00
 251949.104    -1.375     0.00    0.00
 252324.773    -1.375     0.00    0.00
 252700.904    -1.375     0.00    0.00
 253077.373    -1.375     0.00    0.00
 253453.839    -1.375     0.00    0.00
 253830.300    -1.375     0.00    0.00
 254206.757    -1.375     0.00    0.00
 254583.210    -1.375     0.00    0.00
 254959.659    -1.375     0.00    0.00
 255336.105    -1.375     0.00    0.00
 255712.545    -1.375     0.00    0.00
 256088.982    -1.375     0.00    0.00
 256465.415    -1.375     0.00    0.00
 256841.844    -1.375     0.00    0.00
 257218.269    -1.375     0.00    0.00
 257594.689    -1.375     0.00    0.00
 257971.106    -1.375     0.00    0.00
